business_name,search_category,primary_category,all_categories,pincode,circle,region,division,major_offices,phone_number,website,rating,reviews_count,address,area,latitude,longitude,place_id,place_url,part_id,crawled_at,s_no
Amballoor Ayurvedics & Vaidyaratnam Agency,Ayurvedic Pharmacy and Clinic,Pharmacy,Pharmacy,695307,Kerala Circle,Trivandrum HQ Region,Trivandrum North Division,"Nedunganda SO, Kaikara BO",N/A,N/A,5.0,8.0,"Sainik School, P.O, Amballoor, Residential Area, Thiruvananthapuram, Keralam 695585","Amballoor, Residential Area",8.5876988,76.872034,ChIJfcDj_Z-_BTsR4KQtQd3nFyA,https://www.google.com/maps/place/?q=place_id:ChIJfcDj_Z-_BTsR4KQtQd3nFyA,part_311,2026-09-20 20:17:04,1446
THANUSUKHAM Ayurveda clinic kazhakkuttam,Ayurvedic Pharmacy and Clinic,Alternative medicine practitioner,Alternative medicine practitioner,695307,Kerala Circle,Trivandrum HQ Region,Trivandrum North Division,"Nedunganda SO, Kaikara BO",+91 98479 24333,https://thanusukhamayurvedaclinic.com/,4.7,144.0,"Market Junction Junction, Post Office Road, Technopark Campus, Kazhakkoottam, Thiruvananthapuram, Keralam 695582",Technopark Campus,8.564268499999999,76.8755886,ChIJR1-wGQC_BTsRodGUF1nqDT8,https://www.google.com/maps/place/?q=place_id:ChIJR1-wGQC_BTsRodGUF1nqDT8,part_311,2026-09-20 20:17:04,1447
KOTTAKKAL ARYA VAIDYA SALA,Ayurvedic Pharmacy and Clinic,Pharmacy,"Pharmacy, Alternative medicine practitioner",695307,Kerala Circle,Trivandrum HQ Region,Trivandrum North Division,"Nedunganda SO, Kaikara BO",+91 95676 15358,N/A,4.5,47.0,"Main Road, near KSFE ULLOOR, Ulloor, Ulloor Garden, Ulloor, Thiruvananthapuram, Keralam 695011","Ulloor, Ulloor Garden, Ulloor",8.530932199999999,76.9289818,ChIJ1dHFXBy5BTsRbpBVfHCY1j8,https://www.google.com/maps/place/?q=place_id:ChIJ1dHFXBy5BTsRbpBVfHCY1j8,part_311,2026-09-20 20:17:04,1448
Krishna Ayurvedics,Ayurvedic Pharmacy and Clinic,Pharmacy,Pharmacy,695307,Kerala Circle,Trivandrum HQ Region,Trivandrum North Division,"Nedunganda SO, Kaikara BO",+91 98954 66744,N/A,4.2,37.0,"FWVX+H3C, Puthenchanthai, Pulimoodu, Thiruvananthapuram, Keralam 695001","Puthenchanthai, Pulimoodu",8.493941399999999,76.9476485,ChIJDbGYWru7BTsRJQzSf_1HnA8,https://www.google.com/maps/place/?q=place_id:ChIJDbGYWru7BTsRJQzSf_1HnA8,part_311,2026-09-20 20:17:04,1449
Nagarjuna Ayurvedic Pharmacy,Ayurvedic Pharmacy and Clinic,Alternative medicine practitioner,Alternative medicine practitioner,695307,Kerala Circle,Trivandrum HQ Region,Trivandrum North Division,"Nedunganda SO, Kaikara BO",+91 99954 95705,N/A,3.5,2.0,"FXVF+2M5, Poojappura Main Rd, Poojapura, Thiruvananthapuram, Keralam 695012",Poojapura,8.492519999999999,76.9742188,ChIJ50uJQVC6BTsRgRUWyellXA4,https://www.google.com/maps/place/?q=place_id:ChIJ50uJQVC6BTsRgRUWyellXA4,part_311,2026-09-20 20:17:04,1450
Vaidyaratnam Oushadhashala,Ayurvedic Pharmacy and Clinic,Alternative medicine practitioner,Alternative medicine practitioner,695307,Kerala Circle,Trivandrum HQ Region,Trivandrum North Division,"Nedunganda SO, Kaikara BO",+91 487 243 2832,https://www.vaidyaratnammooss.com/,4.0,3.0,"HVQ4+GPQ, Railway Station Rd, Kaniyapuram, Keralam 695301",695307,8.5888414,76.8568495,ChIJhzPjT5a_BTsRrdOheCt7TFY,https://www.google.com/maps/place/?q=place_id:ChIJhzPjT5a_BTsRrdOheCt7TFY,part_311,2026-09-20 20:17:04,1451
Kerala Ayurvedic Health Care,Ayurvedic Pharmacy and Clinic,Alternative medicine practitioner,Alternative medicine practitioner,695307,Kerala Circle,Trivandrum HQ Region,Trivandrum North Division,"Nedunganda SO, Kaikara BO",+91 99463 99917,N/A,4.3,20.0,"Plot No. TC 18/153 (9), Kunnapuzha Road, Plavila, Aramada P.O, Thirumala, Thiruvananthapuram, Keralam 695032","Jai Nagar, Kunnapuzha",8.4939007,76.9965589,ChIJkbghZGy6BTsRD1ZXAobcZqE,https://www.google.com/maps/place/?q=place_id:ChIJkbghZGy6BTsRD1ZXAobcZqE,part_311,2026-09-20 20:17:04,1452
AVS Angadikada Ayurvedic Herbal Shop,Ayurvedic Pharmacy and Clinic,Pharmacy,Pharmacy,695307,Kerala Circle,Trivandrum HQ Region,Trivandrum North Division,"Nedunganda SO, Kaikara BO",+91 98097 50344,N/A,4.7,12.0,"opposite Hotel White Dammer, Vishnu Nagar, Pappanamcode, Thiruvananthapuram, Keralam 695018","Vishnu Nagar, Pappanamcode",8.4684843,76.9841957,ChIJTwN8Y-y6BTsR1zcoh6vhrcA,https://www.google.com/maps/place/?q=place_id:ChIJTwN8Y-y6BTsR1zcoh6vhrcA,part_311,2026-09-20 20:17:04,1453
KERALA SARVODAYA AYURVEDA PHARMA & RESEARCH CENTER,Ayurvedic Pharmacy and Clinic,Manufacturer,Manufacturer,695307,Kerala Circle,Trivandrum HQ Region,Trivandrum North Division,"Nedunganda SO, Kaikara BO",+91 75929 29209,https://keralasarvodayaayurveda.com/,5.0,30.0,"Gandhi Smaraka Building, Thiruvananthapuram, Keralam 695025",Muttada,8.5288532,76.9492376,ChIJJfm0KRC5BTsRH_U_xn8uIQo,https://www.google.com/maps/place/?q=place_id:ChIJJfm0KRC5BTsRH_U_xn8uIQo,part_311,2026-09-20 20:17:04,1454
Nagarjuna Ayurveda Aushadasala,Ayurvedic Pharmacy and Clinic,Alternative medicine practitioner,Alternative medicine practitioner,695307,Kerala Circle,Trivandrum HQ Region,Trivandrum North Division,"Nedunganda SO, Kaikara BO",N/A,N/A,2.0,5.0,"FWQX+9M2, Manjalikulam Rd, Overbridge, Santhi Nagar, Thampanoor, Thiruvananthapuram, Kerala 695001","Overbridge, Santhi Nagar, Thampanoor",8.488396,76.9491382,ChIJnZaFJaS7BTsRecCFNDZKOAU,https://www.google.com/maps/place/?q=place_id:ChIJnZaFJaS7BTsRecCFNDZKOAU,part_311,2026-09-20 20:17:04,1455
Agastya Ayurveda Pharmacy,Ayurvedic Pharmacy and Clinic,Pharmacy,"Pharmacy, Alternative medicine practitioner",695307,Kerala Circle,Trivandrum HQ Region,Trivandrum North Division,"Nedunganda SO, Kaikara BO",+91 99954 95705,N/A,4.5,4.0,"FXVF+2M4, Poojappura Main Rd, Poojapura, Thiruvananthapuram, Keralam 695012",Poojapura,8.4925131,76.9742012,ChIJYVOGQVC6BTsR-Qr0qxfsk7E,https://www.google.com/maps/place/?q=place_id:ChIJYVOGQVC6BTsR-Qr0qxfsk7E,part_311,2026-09-20 20:17:04,1456
Ayurmayi Ayurveda Clinic,Ayurvedic Pharmacy and Clinic,Alternative medicine practitioner,"Alternative medicine practitioner, Alternative Medicine Clinic, Ayurvedic clinic, Doctor, Hospital, Massage therapist, Pregnancy care center",695307,Kerala Circle,Trivandrum HQ Region,Trivandrum North Division,"Nedunganda SO, Kaikara BO",+91 62388 47287,https://ayurmayi.in/,4.8,270.0,"Post Office, Rose Nagar Road, near Sreekariyam, Rose Nagar, Sreekaryam, Thiruvananthapuram, Kerala 695017","Rose Nagar, Sreekaryam",8.5517112,76.916298,ChIJv1-K4OS5BTsRlDaSgOJiaek,https://www.google.com/maps/place/?q=place_id:ChIJv1-K4OS5BTsRlDaSgOJiaek,part_311,2026-09-20 20:17:04,1457
Oushadhi Ayurveda Pharmacy,Ayurvedic Pharmacy and Clinic,Pharmacy,Pharmacy,695307,Kerala Circle,Trivandrum HQ Region,Trivandrum North Division,"Nedunganda SO, Kaikara BO",+91 98470 92148,https://www.oushadhi.org/,4.9,30.0,"near Kairali agencies, Kaimanam Vivek Nagar Residential Association, Pappanamcode, Thiruvananthapuram, Keralam 695018","Kaimanam Vivek Nagar Residential Association, Pappanamcode",8.4692518,76.9822973,ChIJM5aMkTC7BTsR-Vl9T6SbAkQ,https://www.google.com/maps/place/?q=place_id:ChIJM5aMkTC7BTsR-Vl9T6SbAkQ,part_311,2026-09-20 20:17:04,1458
Soukhya Ayurvedic Store,Ayurvedic Pharmacy and Clinic,Ayurvedic clinic,Ayurvedic clinic,695307,Kerala Circle,Trivandrum HQ Region,Trivandrum North Division,"Nedunganda SO, Kaikara BO",N/A,N/A,5.0,1.0,"GX4X+VM2, Valiyavila, Thiruvananthapuram, Keralam 695013",Valiyavila,8.5071433,76.9992008,ChIJxYDObAC7BTsRu1xMTyqOmww,https://www.google.com/maps/place/?q=place_id:ChIJxYDObAC7BTsRu1xMTyqOmww,part_311,2026-09-20 20:17:04,1459
Kottakkal Arya vaidyasala,Ayurvedic Pharmacy and Clinic,Ayurvedic clinic,Ayurvedic clinic,695307,Kerala Circle,Trivandrum HQ Region,Trivandrum North Division,"Nedunganda SO, Kaikara BO",+91 98460 02183,N/A,4.4,15.0,"GX7F+M2G, Sasthamangalam - Pipinmoodu Rd, Jawahar Nagar, Sasthamangalam, Thiruvananthapuram, Keralam 695010","Jawahar Nagar, Sasthamangalam",8.5141939,76.97259129999999,ChIJu6dilYK7BTsRxA3MZlgblAM,https://www.google.com/maps/place/?q=place_id:ChIJu6dilYK7BTsRxA3MZlgblAM,part_311,2026-09-20 20:17:04,1460
Sitaram Ayurveda - Trivandrum Branch,Ayurvedic Pharmacy and Clinic,Ayurvedic clinic,Ayurvedic clinic,695307,Kerala Circle,Trivandrum HQ Region,Trivandrum North Division,"Nedunganda SO, Kaikara BO",+91 471 233 3410,N/A,4.1,8.0,"Krishnasree, 44/565,566, EVRA NO 557, NK Achary Road, Cotton Hill, Jagathy, Thiruvananthapuram, Keralam 695014","Cotton Hill, Jagathy",8.500888699999999,76.9673315,ChIJ09pBuku6BTsRhC3UhZjhn3o,https://www.google.com/maps/place/?q=place_id:ChIJ09pBuku6BTsRhC3UhZjhn3o,part_311,2026-09-20 20:17:04,1461
Mitra Hermitage Ayurveda Hospital,Ayurvedic Pharmacy and Clinic,Alternative medicine practitioner,Alternative medicine practitioner,695307,Kerala Circle,Trivandrum HQ Region,Trivandrum North Division,"Nedunganda SO, Kaikara BO",+91 471 238 1888,http://www.mitrahermitage.com/,4.8,170.0,"Venkara Temple Rd, P.O, Thiruvallam, Thiruvananthapuram, Keralam 695027","P.O, Thiruvallam",8.4367317,76.9565641,ChIJczKaF9OkBTsRnWmrl1B_6Zc,https://www.google.com/maps/place/?q=place_id:ChIJczKaF9OkBTsRnWmrl1B_6Zc,part_311,2026-09-20 20:17:04,1462
Saatwika Ayurveda Treatment Centre and Hospital Trivandrum,Ayurvedic Pharmacy and Clinic,Alternative Medicine Clinic,"Alternative Medicine Clinic, Ayurvedic clinic, Hospital, Massage school, Massage spa, Massage supply store, Massage therapist, Pregnancy care center, Spa, Weight loss service",695307,Kerala Circle,Trivandrum HQ Region,Trivandrum North Division,"Nedunganda SO, Kaikara BO",+91 98462 22059,https://www.saatwika.in/,4.8,292.0,"SEKT 41, Kurup's Lane, Sasthamangalam, Thiruvananthapuram, Keralam 695010",Sasthamangalam,8.5098545,76.9696371,ChIJ4aMq-zO6BTsRf98OBZrnrpA,https://www.google.com/maps/place/?q=place_id:ChIJ4aMq-zO6BTsRf98OBZrnrpA,part_311,2026-09-20 20:17:04,1463
"Government Ayurveda Dispensary, Vattiyoorkavu",Ayurvedic Pharmacy and Clinic,Hospital,Hospital,695307,Kerala Circle,Trivandrum HQ Region,Trivandrum North Division,"Nedunganda SO, Kaikara BO",+91 96563 88960,N/A,4.9,36.0,"BTR Nagar Rd, Nettayam, Thiruvananthapuram, Keralam 695013",Nettayam,8.5421584,76.9976515,ChIJG5bFbTu5BTsRqe9FauBYKAs,https://www.google.com/maps/place/?q=place_id:ChIJG5bFbTu5BTsRqe9FauBYKAs,part_311,2026-09-20 20:17:04,1464
Sreedhari Ayurvedic Stores,Ayurvedic Pharmacy and Clinic,Alternative medicine practitioner,Alternative medicine practitioner,695307,Kerala Circle,Trivandrum HQ Region,Trivandrum North Division,"Nedunganda SO, Kaikara BO",+91 471 246 0531,N/A,4.4,27.0,"FWWX+J7G, Opposite Secratariate, Statue, M G Road, M G Road, Thiruvananthapuram, Keralam 695001",Palayam,8.4965723,76.9481878,ChIJAQAAwLu7BTsR3MiM4tM6LcE,https://www.google.com/maps/place/?q=place_id:ChIJAQAAwLu7BTsR3MiM4tM6LcE,part_311,2026-09-20 20:17:04,1465
Ayurvedic Treatment Centre,Ayurvedic Pharmacy and Clinic,Ayurvedic clinic,Ayurvedic clinic,695307,Kerala Circle,Trivandrum HQ Region,Trivandrum North Division,"Nedunganda SO, Kaikara BO",N/A,N/A,5.0,1.0,"GWWM+PF5, near NSS karayogam Hall, Thattinakam, Thiruvananthapuram, Keralam 695015",Thattinakam,8.546771699999999,76.9337405,ChIJCUcMAQC5BTsR4yltI5RWj1k,https://www.google.com/maps/place/?q=place_id:ChIJCUcMAQC5BTsR4yltI5RWj1k,part_311,2026-09-20 20:17:05,1466
Palazhi Multispeciality Ayush Clinic - Thirumala,Ayurvedic Pharmacy and Clinic,Hospital,Hospital,695307,Kerala Circle,Trivandrum HQ Region,Trivandrum North Division,"Nedunganda SO, Kaikara BO",+91 80753 20325,https://palazhihealthcare.com/,4.9,187.0,"ARAT, Aiswarya Residence Association, Ambadi, E-229, Nareencheril, Thiruvananthapuram, Keralam 695006",Nareencheril,8.4957422,76.98922329999999,ChIJPS3sbUi7BTsRFiS0tE634g4,https://www.google.com/maps/place/?q=place_id:ChIJPS3sbUi7BTsRFiS0tE634g4,part_311,2026-09-20 20:17:05,1467
Vasudeva Vilasam Ayurveda Wellness Centre,Ayurvedic Pharmacy and Clinic,Alternative medicine practitioner,"Alternative medicine practitioner, Massage therapist",695307,Kerala Circle,Trivandrum HQ Region,Trivandrum North Division,"Nedunganda SO, Kaikara BO",+91 471 231 2401,http://www.vasudeva.com/,4.3,37.0,"Ground Floor, YUJ WELLNESS CENTRE, Museum - Nanthencode Rd, Kanaka Nagar, Nanthancodu, Thiruvananthapuram, Keralam 695003","Kanaka Nagar, Nanthancodu",8.5140346,76.95429279999999,ChIJ_25R6S26BTsRGgdQdYNaPmI,https://www.google.com/maps/place/?q=place_id:ChIJ_25R6S26BTsRGgdQdYNaPmI,part_311,2026-09-20 20:17:05,1468
Amrita Life Ayurvedic Health Care,Ayurvedic Pharmacy and Clinic,Alternative medicine practitioner,Alternative medicine practitioner,695307,Kerala Circle,Trivandrum HQ Region,Trivandrum North Division,"Nedunganda SO, Kaikara BO",N/A,http://www.amritalife.com/,5.0,1.0,"opp. Indira Bhavan, near Skyline Plaza, Althara Nagar, Vellayambalam, Thiruvananthapuram, Keralam 695010","Althara Nagar, Vellayambalam",8.511783099999999,76.9655336,ChIJ9ZnpPTO6BTsR-R29g4qAXaI,https://www.google.com/maps/place/?q=place_id:ChIJ9ZnpPTO6BTsR-R29g4qAXaI,part_311,2026-09-20 20:17:05,1469
KARMA AYURVEDIC CENTRE,Ayurvedic Pharmacy and Clinic,Ayurvedic clinic,Ayurvedic clinic,695307,Kerala Circle,Trivandrum HQ Region,Trivandrum North Division,"Nedunganda SO, Kaikara BO",+91 94469 75058,https://guide.keralaproduct.com/karma-treatments,5.0,19.0,"KARMA AYURVEDIC CENTRE, Light House Beach, Kovalam, Thiruvananthapuram, Keralam 695527",Light House Beach,8.384691799999999,76.9800897,ChIJRcAOzRylBTsRd6jQPi_Oefg,https://www.google.com/maps/place/?q=place_id:ChIJRcAOzRylBTsRd6jQPi_Oefg,part_311,2026-09-20 20:17:05,1470
Ayurveda Healing Ashram,Ayurvedic Pharmacy and Clinic,Ashram,"Ashram, Retreat center",695307,Kerala Circle,Trivandrum HQ Region,Trivandrum North Division,"Nedunganda SO, Kaikara BO",+91 94478 17174,https://ayurvedahealingashram.com/,4.6,100.0,"Sivasoorya Rd, Vandithadam, Pachalloor, Thiruvananthapuram, Keralam 695027","Vandithadam, Pachalloor",8.431832,76.9679981,ChIJGYrA1Sy7BTsRh08VJdnKU20,https://www.google.com/maps/place/?q=place_id:ChIJGYrA1Sy7BTsRh08VJdnKU20,part_311,2026-09-20 20:17:05,1471
Vaidyaratnam Oushadhasala Pvt Ltd,Ayurvedic Pharmacy and Clinic,Pharmaceutical company,"Pharmaceutical company, Pharmaceutical Products Wholesaler, Pharmacy",695307,Kerala Circle,Trivandrum HQ Region,Trivandrum North Division,"Nedunganda SO, Kaikara BO",+91 471 233 1187,http://www.vaidyaratnammooss.com/,4.6,36.0,"SS Kovil Rd, Opp Thiruvonam PG for Women, Overbridge, Santhi Nagar, Thampanoor, Thiruvananthapuram, Keralam 695001","Overbridge, Santhi Nagar, Thampanoor",8.4891619,76.9501733,ChIJaxAk0xS7BTsRPj2ZADofKZQ,https://www.google.com/maps/place/?q=place_id:ChIJaxAk0xS7BTsRPj2ZADofKZQ,part_311,2026-09-20 20:17:07,1472
"Himalaya Wellness Store - Vellayambalam, Thiruvananthapuram",Ayurvedic Pharmacy and Clinic,Health food store,"Health food store, Beauty supply store, Cosmetics store, Health and beauty shop, Pet supply store",695307,Kerala Circle,Trivandrum HQ Region,Trivandrum North Division,"Nedunganda SO, Kaikara BO",+91 471 401 8184,https://storelocator.himalayawellness.in/himalaya-wellness/thiruvananthapuram/Sasthamangalam/himalaya-wellness-store-in-Sasthamangalam-thiruvananthapuram--5h66Qq/home,4.7,118.0,"1862-1, T.C 29, Vellayambalam - Sasthamangalam Rd, P.O, Althara Nagar, Vellayambalam, Thiruvananthapuram, Keralam 695010","P.O, Althara Nagar, Vellayambalam",8.5115147,76.9652445,ChIJYxlb3My7BTsRL2vEm1184lc,https://www.google.com/maps/place/?q=place_id:ChIJYxlb3My7BTsRL2vEm1184lc,part_311,2026-09-20 20:17:07,1473
Padmaja Ayurveda Clinic and Pharmacy- Vaidyaratnam authorized dealer,Ayurvedic Pharmacy and Clinic,Ayurvedic clinic,Ayurvedic clinic,695308,Kerala Circle,Trivandrum HQ Region,Trivandrum North Division,Vakkom SO,+91 80892 41736,N/A,4.9,,"Padmaja Ayurveda Clinic and Pharmacy, Near Karikkakom Temple, Vaidyaratnam Oushadhasala authorized Dealer, Thiruvananthapuram, Keralam 695021",Karikkakam,8.5046135,76.9042668,ChIJmfX3VVu9BTsRdtvI6rUbMsQ,https://www.google.com/maps/place/?q=place_id:ChIJmfX3VVu9BTsRdtvI6rUbMsQ,part_311,2026-09-20 20:17:54,6012
Kottakkal Arya Vaidya Sala,Ayurvedic Pharmacy and Clinic,Alternative medicine practitioner,"Alternative medicine practitioner, Medical supply store",695308,Kerala Circle,Trivandrum HQ Region,Trivandrum North Division,Vakkom SO,+91 483 280 8000,N/A,4.0,,"MWH5+4XX, Venjaramoodu, Thiruvananthapuram, Nellanad, Keralam 695607",Venjaramoodu,8.677867599999999,76.9099738,ChIJMZyAA0nBBTsR-hvbvY6paWM,https://www.google.com/maps/place/?q=place_id:ChIJMZyAA0nBBTsR-hvbvY6paWM,part_311,2026-09-20 20:17:54,6013
Santhisukham Ayurveda,Ayurvedic Pharmacy and Clinic,Alternative medicine practitioner,Alternative medicine practitioner,695308,Kerala Circle,Trivandrum HQ Region,Trivandrum North Division,Vakkom SO,+91 81119 22009,https://www.santhisukham.com/,5.0,,"Ulloor - Akkulam Rd, opposite RCD Car Wash, PSC Nagar, Ulloor, Thiruvananthapuram, Keralam 695011","PSC Nagar, Ulloor",8.5263388,76.9228608,ChIJX1WwBOK5BTsRZCqALfafWfU,https://www.google.com/maps/place/?q=place_id:ChIJX1WwBOK5BTsRZCqALfafWfU,part_311,2026-09-20 20:17:54,6014
"Oushadhi Outlet , Attingal",Ayurvedic Pharmacy and Clinic,Pharmacy,Pharmacy,695308,Kerala Circle,Trivandrum HQ Region,Trivandrum North Division,Vakkom SO,+91 94951 54013,N/A,4.7,,"bus stand, Attingal, Keralam 695101",695308,8.6946313,76.81965269999999,ChIJm8TLQdnpBTsRyQQJNhsGdrs,https://www.google.com/maps/place/?q=place_id:ChIJm8TLQdnpBTsRyQQJNhsGdrs,part_311,2026-09-20 20:17:54,6015
Siddhasramam Sivananda Vijayam Oushadhasala,Ayurvedic Pharmacy and Clinic,Alternative medicine practitioner,"Alternative medicine practitioner, Herbal medicine store",695308,Kerala Circle,Trivandrum HQ Region,Trivandrum North Division,Vakkom SO,+91 471 232 6787,N/A,4.6,,"FXR2+4CP, SS Kovil Rd, Santhi Nagar, Thampanoor, Thiruvananthapuram, Kerala 695001","Santhi Nagar, Thampanoor",8.490337799999999,76.9510748,ChIJQTTRo6W7BTsRgbEl-eMECD4,https://www.google.com/maps/place/?q=place_id:ChIJQTTRo6W7BTsRgbEl-eMECD4,part_311,2026-09-20 20:17:55,6016
Santhigiri Ayurveda Pharmacy,Ayurvedic Pharmacy and Clinic,Pharmacy,"Pharmacy, Department store, Alternative medicine practitioner",695308,Kerala Circle,Trivandrum HQ Region,Trivandrum North Division,Vakkom SO,+91 471 241 9248,http://www.santhigiriashram.org/,4.2,,"JV9X+M8R, Pothencode Junction, Pothencode, Thiruvananthapuram, Keezhthonnakkal, Keralam 695584","Pothencode Junction, Pothencode",8.6192429,76.898264,ChIJIZMqIKPABTsRya__bN0bjdQ,https://www.google.com/maps/place/?q=place_id:ChIJIZMqIKPABTsRya__bN0bjdQ,part_311,2026-09-20 20:17:55,6017
RAJASREE AYURVEDICS,Ayurvedic Pharmacy and Clinic,Ayurvedic clinic,Ayurvedic clinic,695308,Kerala Circle,Trivandrum HQ Region,Trivandrum North Division,Vakkom SO,+91 94474 92840,https://www.google.com/search?q=rajasree+ayurvedics+Kulathoor&oq=rajasree+ayurvedics+Kulathoor+&gs_lcrp=EgZjaHJvbWUyBggAEEUYOTIHCAEQIRigATIHCAIQIRigATIHCAMQIRigATIHCAQQIRigAdIBCTExNDAzajBqN6gCALACAA&client=ms-android-xiaomi-rvo2b&sourceid=chrome-mobile&ie=UTF-8,4.8,,"Sreekariyam - Kazhakuttam Rd, Kulathoor, Thiruvananthapuram, Keralam 695583",Kulathoor,8.541209199999999,76.8801865,ChIJhY26rqi_BTsRrzFBX61pPD4,https://www.google.com/maps/place/?q=place_id:ChIJhY26rqi_BTsRrzFBX61pPD4,part_311,2026-09-20 20:17:56,6018
Ayur Health Care,Ayurvedic Pharmacy and Clinic,Alternative medicine practitioner,Alternative medicine practitioner,695308,Kerala Circle,Trivandrum HQ Region,Trivandrum North Division,Vakkom SO,+91 98460 15478,N/A,4.5,,"GXG6+V7V, Narmada Shopping Complex, Kowdiar, Thiruvananthapuram, Keralam 695003",Kowdiar,8.5272382,76.96067459999999,ChIJcU8GOH65BTsRfIS3YaLHsNI,https://www.google.com/maps/place/?q=place_id:ChIJcU8GOH65BTsRfIS3YaLHsNI,part_311,2026-09-20 20:17:56,6019
"Vaidyaratnam Oushadhasala and Ayurveda Clinic ,Sreekariyam",Ayurvedic Pharmacy and Clinic,Ayurvedic clinic,Ayurvedic clinic,695308,Kerala Circle,Trivandrum HQ Region,Trivandrum North Division,Vakkom SO,+91 94962 14794,N/A,4.9,,"Vaidyaratnam Oushadhasala, in between Sreekariyam and Chavadimukku NH road Near Thaikkapally on the way to, NH road, Rose Nagar, Sreekaryam, Thiruvananthapuram, Keralam 695017","Rose Nagar, Sreekaryam",8.550646799999999,76.9134902,ChIJQ_7SKxu_BTsRQwD1QF6iduw,https://www.google.com/maps/place/?q=place_id:ChIJQ_7SKxu_BTsRQwD1QF6iduw,part_311,2026-09-20 20:17:56,6020
Ayushyam Ayurveda Clinic,Ayurvedic Pharmacy and Clinic,Ayurvedic clinic,Ayurvedic clinic,695308,Kerala Circle,Trivandrum HQ Region,Trivandrum North Division,Vakkom SO,+91 94470 59380,N/A,5.0,,"Sabhalyam, Swagath Nagar, Vattiyoorkavu, po, Thiruvananthapuram, Keralam 695013","Vattiyoorkavu, po",8.517912899999999,76.99056759999999,ChIJeXOkF-K7BTsRwIAgrtN-YBs,https://www.google.com/maps/place/?q=place_id:ChIJeXOkF-K7BTsRwIAgrtN-YBs,part_311,2026-09-20 20:17:56,6021
Vaidyaraktnam ayurveda,Ayurvedic Pharmacy and Clinic,Pharmacy,Pharmacy,695308,Kerala Circle,Trivandrum HQ Region,Trivandrum North Division,Vakkom SO,N/A,N/A,5.0,,"GXWF+XGQ Irumpa Rd, Vazhayila Mukkola Rd, Vazhayila, Thiruvananthapuram, Keralam 695043",Vazhayila,8.5474598,76.973867,ChIJnby0dR65BTsRqg7fs-F4csc,https://www.google.com/maps/place/?q=place_id:ChIJnby0dR65BTsRqg7fs-F4csc,part_311,2026-09-20 20:17:56,6022
Government Ayurvedic Dispensary Njandoorkonam,Ayurvedic Pharmacy and Clinic,Alternative medicine practitioner,Alternative medicine practitioner,695308,Kerala Circle,Trivandrum HQ Region,Trivandrum North Division,Vakkom SO,+91 99460 47361,N/A,5.0,,"HWQ9+FW7, Njandoorkonam, Thiruvananthapuram, Uliyazhathura, Keralam 695584",Njandoorkonam,8.5886649,76.919787,ChIJ_YMtn8q4BTsRgbuvGVTnjQA,https://www.google.com/maps/place/?q=place_id:ChIJ_YMtn8q4BTsRgbuvGVTnjQA,part_311,2026-09-20 20:17:56,6023
Ayurbhava wellness,Ayurvedic Pharmacy and Clinic,Ayurvedic clinic,Ayurvedic clinic,695308,Kerala Circle,Trivandrum HQ Region,Trivandrum North Division,Vakkom SO,N/A,N/A,5.0,,"Thiruvallom Rd, Poonthura, Thiruvananthapuram, Keralam 695027",Poonthura,8.4288328,76.9583966,ChIJHxlA8PKlBTsRwWVxE7Gc4fA,https://www.google.com/maps/place/?q=place_id:ChIJHxlA8PKlBTsRwWVxE7Gc4fA,part_311,2026-09-20 20:17:56,6024
Anu Ayurvedic Clinic,Ayurvedic Pharmacy and Clinic,Ayurvedic clinic,Ayurvedic clinic,695308,Kerala Circle,Trivandrum HQ Region,Trivandrum North Division,Vakkom SO,+91 97787 49317,N/A,5.0,,"F234+67J, Vedivachankovil, Nemom, Keralam 695020",695308,8.4530827,77.0056445,ChIJcWjZEKa6BTsRrrKMO-9YJ3s,https://www.google.com/maps/place/?q=place_id:ChIJcWjZEKa6BTsRrrKMO-9YJ3s,part_311,2026-09-20 20:17:56,6025
Ayurprasada Ayurveda Diagnostic Clinic,Ayurvedic Pharmacy and Clinic,Medical clinic,Medical clinic,695308,Kerala Circle,Trivandrum HQ Region,Trivandrum North Division,Vakkom SO,+91 98096 91455,N/A,5.0,,"Kallampally, Thiruvananthapuram, Keralam 695017",Kallampally,8.549564799999999,76.9225159,ChIJ-8d_cKa5BTsRxnAE69wQYNQ,https://www.google.com/maps/place/?q=place_id:ChIJ-8d_cKa5BTsRxnAE69wQYNQ,part_311,2026-09-20 20:17:56,6026
Ayurveda Clinic,Ayurvedic Pharmacy and Clinic,Alternative medicine practitioner,Alternative medicine practitioner,695308,Kerala Circle,Trivandrum HQ Region,Trivandrum North Division,Vakkom SO,N/A,N/A,5.0,,"J3X3+598, Tholicode, Keralam 695541",695308,8.6479141,77.0534541,ChIJ_yAlflLIBTsRzy5V4RCycaE,https://www.google.com/maps/place/?q=place_id:ChIJ_yAlflLIBTsRzy5V4RCycaE,part_311,2026-09-20 20:17:56,6027
MAYURA AYURVEDA CLINIC,Ayurvedic Pharmacy and Clinic,Ayurvedic clinic,Ayurvedic clinic,695308,Kerala Circle,Trivandrum HQ Region,Trivandrum North Division,Vakkom SO,+91 81293 20484,N/A,5.0,,"Kattuvila Ln, opp. Vijay school, Peyad, Thiruvananthapuram, Keralam 695573",695308,8.5188752,77.0267551,ChIJW8o0uFC5BTsRE27bSorMj1M,https://www.google.com/maps/place/?q=place_id:ChIJW8o0uFC5BTsRE27bSorMj1M,part_311,2026-09-20 20:17:56,6028
Ayurveda clinic,Ayurvedic Pharmacy and Clinic,Ayurvedic clinic,"Ayurvedic clinic, Service establishment, Medical clinic",695308,Kerala Circle,Trivandrum HQ Region,Trivandrum North Division,Vakkom SO,+91 99957 65391,http://www.healthtourismkerala.com/,5.0,,"Ayurveda clinic, 695308, India",695308,21.0680074,82.7525294,ChIJJ8L_ALylBTsRMgLjQF6XEpY,https://www.google.com/maps/place/?q=place_id:ChIJJ8L_ALylBTsRMgLjQF6XEpY,part_311,2026-09-20 20:17:56,6029
Santhigiri Ayurveda & Siddha Vaidyasala with She- Clinic,Ayurvedic Pharmacy and Clinic,Ayurvedic clinic,Ayurvedic clinic,695309,Kerala Circle,Trivandrum HQ Region,Trivandrum North Division,"Anjengo SO, Poothura BO",+91 80894 40337,N/A,5.0,,"Udaygiri Junction, Chempazhanthy P.O, Thiruvananthapuram, Keralam 695587","Sabari Nagar, Chempazhanthy",8.5644654,76.9119185,ChIJ0c-MQKG_BTsRGNN8y76SBlg,https://www.google.com/maps/place/?q=place_id:ChIJ0c-MQKG_BTsRGNN8y76SBlg,part_311,2026-09-20 20:18:43,8039
Government Ayurveda Dispensary,Ayurvedic Pharmacy and Clinic,Medical clinic,"Medical clinic, Ayurvedic clinic",695309,Kerala Circle,Trivandrum HQ Region,Trivandrum North Division,"Anjengo SO, Poothura BO",N/A,N/A,4.7,,"Studio Rd Nemom, Vellayani Junction, Nemom, Keralam 695020",Vellayani Junction,8.4581786,76.99981939999999,ChIJkzeYm1G7BTsR_uAtCARfP5I,https://www.google.com/maps/place/?q=place_id:ChIJkzeYm1G7BTsR_uAtCARfP5I,part_311,2026-09-20 20:18:43,8040
Santhigiri Ayurveda & Siddha vaidyasala,Ayurvedic Pharmacy and Clinic,Pharmacy,Pharmacy,695309,Kerala Circle,Trivandrum HQ Region,Trivandrum North Division,"Anjengo SO, Poothura BO",+91 90482 23334,N/A,5.0,,"Kattakkada Road, opp. PWD Rest house, Cherukulam, Aryanad, Keralam 695542",Cherukulam,8.5788727,77.0842734,ChIJH6iXDsC3BTsRNyh3Ds_og7Y,https://www.google.com/maps/place/?q=place_id:ChIJH6iXDsC3BTsRNyh3Ds_og7Y,part_311,2026-09-20 20:18:43,8041
Mukthi Health Care Center | Ayurvedic massage |Ayurveda Panchakarma & Allied therapies|Holistic healing,Ayurvedic Pharmacy and Clinic,Ayurvedic clinic,"Ayurvedic clinic, Alternative Medicine Clinic, Health consultant, Health counselor, Holistic medicine practitioner, Kinesiotherapist, Women's health clinic, Pharmacy, Physical fitness program, Yoga instructor",695309,Kerala Circle,Trivandrum HQ Region,Trivandrum North Division,"Anjengo SO, Poothura BO",+91 90480 69166,http://www.mukthihealthcarecentre.in/,4.7,,"chambakada jn, Kaithamukku, Palkulangara, Thiruvananthapuram, Keralam 695008","Kaithamukku, Palkulangara",8.4881384,76.9355289,ChIJubad4pu7BTsRybgTTjJnBjs,https://www.google.com/maps/place/?q=place_id:ChIJubad4pu7BTsRybgTTjJnBjs,part_311,2026-09-20 20:18:43,8042
Elixir Ayurveda Hospital & Wellness Center,Ayurvedic Pharmacy and Clinic,Alternative medicine practitioner,"Alternative medicine practitioner, Alternative Medicine Clinic, Hospital, Health spa, Massage spa, Psychoneurological specialized clinic, Skin care clinic, Wellness center, Wellness program, Yoga Retreat Center",695309,Kerala Circle,Trivandrum HQ Region,Trivandrum North Division,"Anjengo SO, Poothura BO",+91 96333 52760,http://www.elixirayurveda.com/,4.9,,"TC 9/2310, Sreerangam Ln, B 9, Sasthamangalam, Thiruvananthapuram, Keralam 695010","B 9, Sasthamangalam",8.510987,76.9687809,ChIJtf9YPzK6BTsRbAsCf_VjqbI,https://www.google.com/maps/place/?q=place_id:ChIJtf9YPzK6BTsRbAsCf_VjqbI,part_311,2026-09-20 20:18:44,8043
KAYAKALPA AYURVEDA PAIN MANAGEMENT AND WELLNESS SPA.,Ayurvedic Pharmacy and Clinic,Ayurvedic clinic,"Ayurvedic clinic, Alternative Medicine Clinic, Alternative medicine practitioner, Health spa, Herbalist, Wellness center",695309,Kerala Circle,Trivandrum HQ Region,Trivandrum North Division,"Anjengo SO, Poothura BO",+91 80785 08884,http://www.kayakalpa.co.in/,4.9,,"Nallumuku, Pallimukku, Pettah, Thiruvananthapuram, Keralam 695024","Nallumuku, Pallimukku, Pettah",8.4974438,76.9319079,ChIJn1KlALm7BTsR_S6lWPjWWlg,https://www.google.com/maps/place/?q=place_id:ChIJn1KlALm7BTsR_S6lWPjWWlg,part_311,2026-09-20 20:18:44,8044
Thejaswini Ayurveda Clinic & Panchakarma Center,Ayurvedic Pharmacy and Clinic,Ayurvedic clinic,"Ayurvedic clinic, Health and beauty shop, Health consultant, Holistic medicine practitioner, Massage therapist, Spa and health club, Sports massage therapist, Thai massage therapist, Wellness center, Wellness program",695309,Kerala Circle,Trivandrum HQ Region,Trivandrum North Division,"Anjengo SO, Poothura BO",+91 89214 84842,https://thejaswiniayurveda.com/,4.8,,"J-78, Ln A, Pattom P.O, Joythi Nagar, Kesavadasapuram, Thiruvananthapuram, Keralam 695004","Pattom P.O, Joythi Nagar, Kesavadasapuram",8.527456899999999,76.93943519999999,ChIJ4y9DUc-5BTsRXWvdbERwiVk,https://www.google.com/maps/place/?q=place_id:ChIJ4y9DUc-5BTsRXWvdbERwiVk,part_311,2026-09-20 20:18:44,8045
Sanjeevani Siddha Ayurveda Hospital,Ayurvedic Pharmacy and Clinic,Hospital,Hospital,695309,Kerala Circle,Trivandrum HQ Region,Trivandrum North Division,"Anjengo SO, Poothura BO",+91 85904 13186,https://sanjeevaniherbocure.com/,4.9,410.0,"Thachottukavu, Peyad, Thiruvananthapuram, Keralam 695571",695309,8.5094443,77.0305383,ChIJ5R_Ewb6wBTsRtKfStbPEVyQ,https://www.google.com/maps/place/?q=place_id:ChIJ5R_Ewb6wBTsRtKfStbPEVyQ,part_311,2026-09-20 20:18:45,8046
Sudhakara Ayurveda Pharmacy,Ayurvedic Pharmacy and Clinic,Pharmacy,"Pharmacy, Alternative medicine practitioner",695310,Kerala Circle,Trivandrum HQ Region,Trivandrum North Division,"Ayroorvarkala SO, Elakamon BO, Elakamonkizhakkepuram BO",+91 94474 93219,N/A,5.0,4.0,"Maithanam, Varkala, Keralam 695141",Maithanam,8.7342959,76.7252829,ChIJQV_JtSnvBTsRYN_AdIxX7Lk,https://www.google.com/maps/place/?q=place_id:ChIJQV_JtSnvBTsRYN_AdIxX7Lk,part_311,2026-09-20 20:19:31,9354
Absolute Ayurveda,Ayurvedic Pharmacy and Clinic,Ayurvedic clinic,Ayurvedic clinic,695310,Kerala Circle,Trivandrum HQ Region,Trivandrum North Division,"Ayroorvarkala SO, Elakamon BO, Elakamonkizhakkepuram BO",+91 94470 69279,http://www.absoluteayur.com/,4.8,304.0,"Temple Road (padinjarae nada), Varkala, Keralam 695141",695310,8.730927,76.7088268,ChIJtbwjP-DuBTsRnFk2oJRRBTo,https://www.google.com/maps/place/?q=place_id:ChIJtbwjP-DuBTsRnFk2oJRRBTo,part_311,2026-09-20 20:19:31,9355
PUNARJANI AYURVEDA WELLNESS,Ayurvedic Pharmacy and Clinic,Ayurvedic clinic,Ayurvedic clinic,695310,Kerala Circle,Trivandrum HQ Region,Trivandrum North Division,"Ayroorvarkala SO, Elakamon BO, Elakamonkizhakkepuram BO",+91 75101 03747,http://www.punarjaniretreat.com/,4.6,218.0,"Punarjani Ayurveda wellness, Varkala, Keralam 695141",695310,8.738292099999999,76.70110849999999,ChIJ5ftGcgDvBTsReTyX-cfhVMg,https://www.google.com/maps/place/?q=place_id:ChIJ5ftGcgDvBTsReTyX-cfhVMg,part_311,2026-09-20 20:19:31,9356
Thanal Ayurveda Home,Ayurvedic Pharmacy and Clinic,Hospital,Hospital,695310,Kerala Circle,Trivandrum HQ Region,Trivandrum North Division,"Ayroorvarkala SO, Elakamon BO, Elakamonkizhakkepuram BO",+91 98958 89112,http://thanalayurveda.com/,4.9,363.0,"Varkala Helipad Road, Varkala, Keralam 695141",695310,8.7363146,76.7035211,ChIJ608GExzvBTsRSju-9BDxvS4,https://www.google.com/maps/place/?q=place_id:ChIJ608GExzvBTsRSju-9BDxvS4,part_311,2026-09-20 20:19:31,9357
Tanishqa Ayurveda pharmacy and panchakarma clinic,Ayurvedic Pharmacy and Clinic,Ayurvedic clinic,Ayurvedic clinic,695310,Kerala Circle,Trivandrum HQ Region,Trivandrum North Division,"Ayroorvarkala SO, Elakamon BO, Elakamonkizhakkepuram BO",+91 81570 13715,N/A,4.3,7.0,"opposite Auto stand, Roaduvila, Cheriyavelinalloor, Keralam 691510",695310,8.8747024,76.78013729999999,ChIJt2Mv01_hBTsRvNG3TeLKelU,https://www.google.com/maps/place/?q=place_id:ChIJt2Mv01_hBTsRvNG3TeLKelU,part_311,2026-09-20 20:19:31,9358
"Government Ayurveda Dispensary, Chemmaruthy",Ayurvedic Pharmacy and Clinic,Ayurvedic clinic,Ayurvedic clinic,695310,Kerala Circle,Trivandrum HQ Region,Trivandrum North Division,"Ayroorvarkala SO, Elakamon BO, Elakamonkizhakkepuram BO",N/A,N/A,,,"QP6P+H57, Chemmaruthy, Keralam 695145",695310,8.7614124,76.7354093,ChIJHd3HBADpBTsRyjaKNnmSNfY,https://www.google.com/maps/place/?q=place_id:ChIJHd3HBADpBTsRyjaKNnmSNfY,part_311,2026-09-20 20:19:31,9359
Aswagandha Ayurveda Hospital,Ayurvedic Pharmacy and Clinic,Hospital,Hospital,695310,Kerala Circle,Trivandrum HQ Region,Trivandrum North Division,"Ayroorvarkala SO, Elakamon BO, Elakamonkizhakkepuram BO",+91 94961 69760,https://aswagandhaayurveda.dialndial.com/,4.9,68.0,"plavila, Balaramapuram - Poovar Rd, Kottukal, Keralam 695501",695310,8.4110034,77.0511417,ChIJD7Woco-vBTsRUJHsR2V02So,https://www.google.com/maps/place/?q=place_id:ChIJD7Woco-vBTsRUJHsR2V02So,part_311,2026-09-20 20:19:31,9360
AyurSoul - The World of Wellness,Ayurvedic Pharmacy and Clinic,Ayurvedic clinic,"Ayurvedic clinic, Alternative medicine practitioner, Doctor, Massage spa, Massage therapist",695310,Kerala Circle,Trivandrum HQ Region,Trivandrum North Division,"Ayroorvarkala SO, Elakamon BO, Elakamonkizhakkepuram BO",+91 99466 45599,http://ayursoulindia.com/,4.9,,"Kurakkanni, Varkala, Keralam 695141",Kurakkanni,8.7430034,76.7057935,ChIJaaKfpx7vBTsRXwMAQXQGM2o,https://www.google.com/maps/place/?q=place_id:ChIJaaKfpx7vBTsRXwMAQXQGM2o,part_311,2026-09-20 20:19:32,9361
PVM AYURVEDIC CENTRE,Ayurvedic Pharmacy and Clinic,Hospital,Hospital,695310,Kerala Circle,Trivandrum HQ Region,Trivandrum North Division,"Ayroorvarkala SO, Elakamon BO, Elakamonkizhakkepuram BO",+91 62822 97958,N/A,5.0,,"VARKALA PAPANASAM ROAD, MAITHANAM, Union bank of India BUILDING, Varkala, Keralam 695141",695310,8.7335152,76.72360189999999,ChIJscIE8yfvBTsRp6_ysDLKja8,https://www.google.com/maps/place/?q=place_id:ChIJscIE8yfvBTsRp6_ysDLKja8,part_311,2026-09-20 20:19:32,9362
LOKAH AYURVEDA,Ayurvedic Pharmacy and Clinic,Health resort,"Health resort, Ayurvedic clinic",695310,Kerala Circle,Trivandrum HQ Region,Trivandrum North Division,"Ayroorvarkala SO, Elakamon BO, Elakamonkizhakkepuram BO",+91 88486 09740,https://www.lokahayurveda.com/,5.0,,"Kurakkanni, Varkala, Keralam 695141",Kurakkanni,8.74513,76.7089658,ChIJsWBfbQ3vBTsRDLmLRpevX3s,https://www.google.com/maps/place/?q=place_id:ChIJsWBfbQ3vBTsRDLmLRpevX3s,part_311,2026-09-20 20:19:32,9363
Mathruthvam Postnatal ayurveda Hospital,Ayurvedic Pharmacy and Clinic,Hospital,"Hospital, Massage therapist, Pregnancy care center",695310,Kerala Circle,Trivandrum HQ Region,Trivandrum North Division,"Ayroorvarkala SO, Elakamon BO, Elakamonkizhakkepuram BO",+91 80896 89990,https://mathruthvam.com/,5.0,,"Kurakkanni, Varkala, Keralam 695141",Kurakkanni,8.743023599999999,76.7058536,ChIJS0btpjXvBTsReZppQsF1oQI,https://www.google.com/maps/place/?q=place_id:ChIJS0btpjXvBTsReZppQsF1oQI,part_311,2026-09-20 20:19:32,9364
Arya Ayurveda Clinic & Pharmacy (Oushadhi),Ayurvedic Pharmacy and Clinic,Ayurvedic clinic,Ayurvedic clinic,695310,Kerala Circle,Trivandrum HQ Region,Trivandrum North Division,"Ayroorvarkala SO, Elakamon BO, Elakamonkizhakkepuram BO",N/A,N/A,,,"Bus Stop, Njekadu Junction, Varkala Kallambalam Rd, Njekkad, Keralam 695143",695310,8.7528658,76.7693113,ChIJzwMyzRDpBTsRuMDLsTu1XRk,https://www.google.com/maps/place/?q=place_id:ChIJzwMyzRDpBTsRuMDLsTu1XRk,part_311,2026-09-20 20:19:32,9365
Cosmo Pharma,Ayurvedic Pharmacy and Clinic,Pharmacy,Pharmacy,695310,Kerala Circle,Trivandrum HQ Region,Trivandrum North Division,"Ayroorvarkala SO, Elakamon BO, Elakamonkizhakkepuram BO",+91 98461 71540,N/A,4.8,,"Centre Point, Temple Rd, Maithanam, Varkala, Keralam 695141",Maithanam,8.7337028,76.7240316,ChIJ73UaOijvBTsRr4vjIqYRn84,https://www.google.com/maps/place/?q=place_id:ChIJ73UaOijvBTsRr4vjIqYRn84,part_311,2026-09-20 20:19:33,9366
Madhaveeyam Ayurveda Pharmacy,Ayurvedic Pharmacy and Clinic,Pharmacy,"Pharmacy, Alternative medicine practitioner",695311,Kerala Circle,Trivandrum HQ Region,Trivandrum North Division,"Edava SO, Kappil BO, Odayam BO",N/A,N/A,4.3,13.0,"TC - 7/2029(7) Kochulloor, Main Road, Kochulloor, Thiruvananthapuram, Keralam 695011","Kochulloor, Ulloor",8.532681,76.92893819999999,ChIJqboUhlC5BTsRfdpR0A1IIJk,https://www.google.com/maps/place/?q=place_id:ChIJqboUhlC5BTsRfdpR0A1IIJk,part_311,2026-09-20 20:20:21,11051
SJ Harisree Ayurveda Clinic & Medical Store,Ayurvedic Pharmacy and Clinic,Ayurvedic clinic,Ayurvedic clinic,695311,Kerala Circle,Trivandrum HQ Region,Trivandrum North Division,"Edava SO, Kappil BO, Odayam BO",+91 99952 97511,N/A,5.0,29.0,"Vedivachancovil, Vedivachankoil, Balaramapuram, Pallichal, Keralam 695501",Vedivachankoil,8.4312036,77.0318915,ChIJBT_CvNSvBTsRqElbJ48s5Nc,https://www.google.com/maps/place/?q=place_id:ChIJBT_CvNSvBTsRqElbJ48s5Nc,part_311,2026-09-20 20:20:21,11052
Oushadhi Agency,Ayurvedic Pharmacy and Clinic,Alternative medicine practitioner,Alternative medicine practitioner,695311,Kerala Circle,Trivandrum HQ Region,Trivandrum North Division,"Edava SO, Kappil BO, Odayam BO",+91 97461 32089,http://www.oushadhi.org/,4.3,,"FWMW+XCM, Padmavilasam Rd, near ICICI BANK ATM, East Fort, Pazhavangadi, Thiruvananthapuram, Keralam 695023","East Fort, Pazhavangadi",8.4849511,76.9460476,ChIJAQAAK6e7BTsRkLp_03xx16s,https://www.google.com/maps/place/?q=place_id:ChIJAQAAK6e7BTsRkLp_03xx16s,part_311,2026-09-20 20:20:24,11053
Das Vaidyans Ayurveda Pharmacy,Ayurvedic Pharmacy and Clinic,Alternative medicine practitioner,Alternative medicine practitioner,695313,Kerala Circle,Trivandrum HQ Region,Trivandrum North Division,"Kudavur SO, Manjamala BO",N/A,N/A,5.0,7.0,"GW39+7HG, Kallummoodu, Anayara, Thiruvananthapuram, Keralam 695029","Kallummoodu, Anayara",8.503187,76.918964,ChIJ2_eCTfW7BTsRj6x3mk-qJoA,https://www.google.com/maps/place/?q=place_id:ChIJ2_eCTfW7BTsRj6x3mk-qJoA,part_311,2026-09-20 20:22:00,12783
Narayana Ayurveda Vaidyasala,Ayurvedic Pharmacy and Clinic,Ayurvedic clinic,"Ayurvedic clinic, Store",695313,Kerala Circle,Trivandrum HQ Region,Trivandrum North Division,"Kudavur SO, Manjamala BO",+91 94951 86520,N/A,4.9,21.0,"Udiyanoor Rd, opposite Temple, Maruthumkuzhi, Thiruvananthapuram, Keralam 695030",Maruthumkuzhi,8.512438999999999,76.9784,ChIJR_yKTTq6BTsRq5LQ-SAJecQ,https://www.google.com/maps/place/?q=place_id:ChIJR_yKTTq6BTsRq5LQ-SAJecQ,part_311,2026-09-20 20:22:00,12784
DR. J.R.S AYURVEDA CLINIC & PANCHAKARMA CENTRE,Ayurvedic Pharmacy and Clinic,Ayurvedic clinic,"Ayurvedic clinic, Facial spa, Health consultant, Health spa, Massage spa, Skin care clinic, Wellness center",695313,Kerala Circle,Trivandrum HQ Region,Trivandrum North Division,"Kudavur SO, Manjamala BO",+91 85475 92987,https://www.google.com/search?q=dr+jrs+ayurveda+clinic&client=ms-android-xiaomi-rvo2b&sca_esv=d2a4c35c63dffda7&sca_upv=1&sxsrf=ADLYWIJLKfAFh1zJVUoweRWigTWNh_h2BA:1722886721742&ei=QSqxZreGLbOVjuMP7dux4QU&oq=dr+jrs+&gs_lp=EhNtb2JpbGUtZ3dzLXdpei1zZXJwIgdkciBqcnMgKgIIADIEECMYJzILEC4YgAQYxwEYrwEyBhAAGBYYHjIGEAAYFhgeMgYQABgWGB4yBhAAGBYYHjIGEAAYFhgeMgYQABgWGB5Iqi5QhBRYtCJwBngAkAECmAHRAaABmQuqAQUwLjguMbgBAcgBAPgBAZgCDaAClAuoAg_CAgcQIxgnGOoCwgIKEAAYAxjqAhiPAcICCxAAGIAEGJECGIoFwgILEAAYgAQYsQMYgwHCAgsQLhiABBixAxiDAcICBRAuGIAEwgIKEC4YgAQYQxiKBcICChAAGIAEGEMYigXCAg0QABiABBixAxgUGIcCwgIKEAAYgAQYFBiHAsICBRAAGIAEwgIQEC4YgAQYFBjUAhjlBBiHAsICCBAuGIAEGOUEwgIFECEYoAGYAyGSBwU2LjUuMqAHm10&sclient=mobile-gws-wiz-serp,4.9,38.0,"Service Rd, opposite Infosys, Kulathoor, Thiruvananthapuram, Keralam 695583",Kulathoor,8.5361803,76.88011759999999,ChIJcTFUquq_BTsRp1zRTtXHJl0,https://www.google.com/maps/place/?q=place_id:ChIJcTFUquq_BTsRp1zRTtXHJl0,part_311,2026-09-20 20:22:00,12785
AYUSHI AYURVEDA WELLNESS,Ayurvedic Pharmacy and Clinic,Ayurvedic clinic,"Ayurvedic clinic, Medical clinic",695313,Kerala Circle,Trivandrum HQ Region,Trivandrum North Division,"Kudavur SO, Manjamala BO",+91 96338 72322,N/A,4.9,69.0,"Chavadimukku, Amadi Nagar, Sreekaryam, Thiruvananthapuram, Keralam 695017","Chavadimukku, Amadi Nagar, Sreekaryam",8.5508621,76.9113591,ChIJ107OF5m_BTsR9MHeG6GcVD0,https://www.google.com/maps/place/?q=place_id:ChIJ107OF5m_BTsR9MHeG6GcVD0,part_311,2026-09-20 20:22:00,12786
Sudarshini Ayurveda Pharmacy,Ayurvedic Pharmacy and Clinic,Alternative medicine practitioner,"Alternative medicine practitioner, Pharmacy",695313,Kerala Circle,Trivandrum HQ Region,Trivandrum North Division,"Kudavur SO, Manjamala BO",+91 94950 39063,N/A,5.0,4.0,"Kaniyapuram, Keralam 695301",695313,8.5888254,76.85685749999999,ChIJ7bM1RZa_BTsRQk38oqqVKfM,https://www.google.com/maps/place/?q=place_id:ChIJ7bM1RZa_BTsRQk38oqqVKfM,part_311,2026-09-20 20:22:00,12787
Sree Dhanwanthari Ayurvedic centre and pharmacy,Ayurvedic Pharmacy and Clinic,Alternative medicine practitioner,Alternative medicine practitioner,695313,Kerala Circle,Trivandrum HQ Region,Trivandrum North Division,"Kudavur SO, Manjamala BO",+91 90725 41008,N/A,4.8,63.0,"Kovalam, Kerala 695527",695313,8.402312499999999,76.9718125,ChIJOzC9mQalBTsRp6k6daw6GyA,https://www.google.com/maps/place/?q=place_id:ChIJOzC9mQalBTsRp6k6daw6GyA,part_311,2026-09-20 20:22:00,12788
AYUSHYA AYURVEDA CLINIC,Ayurvedic Pharmacy and Clinic,Business related,Business related,695313,Kerala Circle,Trivandrum HQ Region,Trivandrum North Division,"Kudavur SO, Manjamala BO",+91 79023 60522,N/A,4.9,,"Mannanthala Junction, Mannanthala, Thiruvananthapuram, Keralam 695015","Mannanthala Junction, Mannanthala",8.5608912,76.9432343,ChIJeRIg8Bi5BTsRbOBZGMzBQ_4,https://www.google.com/maps/place/?q=place_id:ChIJeRIg8Bi5BTsRbOBZGMzBQ_4,part_311,2026-09-20 20:22:00,12789
KAUSTUBHAM AYURVEDA CLINIC,Ayurvedic Pharmacy and Clinic,Hospital,Hospital,695313,Kerala Circle,Trivandrum HQ Region,Trivandrum North Division,"Kudavur SO, Manjamala BO",N/A,N/A,5.0,,"PQV5+644, Kaustubham, Vadasserikonam, Chemmaruthy, Keralam 695143",Kaustubham,8.7430067,76.7578204,ChIJ138QdADpBTsRxm6S8Ft2Zk4,https://www.google.com/maps/place/?q=place_id:ChIJ138QdADpBTsRxm6S8Ft2Zk4,part_311,2026-09-20 20:22:00,12790
Nagarjuna Ayurvedic Pharmacy,Ayurvedic Pharmacy and Clinic,Pharmacy,"Pharmacy, Alternative medicine practitioner",695316,Kerala Circle,Trivandrum HQ Region,Trivandrum North Division,Pallipuram SO Thiruvananthapuram,+91 98472 88356,N/A,3.0,1.0,"QV8G+G5C, Puthiyakavu, Puthiyakaav, Kilimanoor, Thiruvananthapuram, Pazhayakunnummel, Keralam 695601","Puthiyakavu, Puthiyakaav, Kilimanoor",8.766313,76.875396,ChIJ9VTu3SbDBTsReKxfFnRrawk,https://www.google.com/maps/place/?q=place_id:ChIJ9VTu3SbDBTsReKxfFnRrawk,part_311,2026-09-20 20:22:47,14298
PRAANA AYURVEDA BALARAMAPURAM,Ayurvedic Pharmacy and Clinic,Ayurvedic clinic,"Ayurvedic clinic, Health spa, Herbal medicine store",695316,Kerala Circle,Trivandrum HQ Region,Trivandrum North Division,Pallipuram SO Thiruvananthapuram,+91 87142 22975,N/A,3.3,3.0,"Kallumoodu, Balaramapuram - Poovar Rd, Balaramapuram, Kottukal, Keralam 695501",695316,8.4135508,77.0507418,ChIJxyBYSIKvBTsRbIvNwXKDYHs,https://www.google.com/maps/place/?q=place_id:ChIJxyBYSIKvBTsRbIvNwXKDYHs,part_311,2026-09-20 20:22:47,14299
Sreedhari Ayurveda Kendram,Ayurvedic Pharmacy and Clinic,Alternative medicine practitioner,Alternative medicine practitioner,695316,Kerala Circle,Trivandrum HQ Region,Trivandrum North Division,Pallipuram SO Thiruvananthapuram,+91 98951 96613,N/A,4.2,16.0,"Gandhari Amman Covil Ln, Santhi Nagar, Pulimoodu, Thiruvananthapuram, Keralam 695001","Santhi Nagar, Pulimoodu",8.4939499,76.9494342,ChIJucV8Bru7BTsRSxQBvyMTzZM,https://www.google.com/maps/place/?q=place_id:ChIJucV8Bru7BTsRSxQBvyMTzZM,part_311,2026-09-20 20:22:47,14300
"Nagarjuna Ayurveda Oushadhasala, Palakkad Town",Ayurvedic Pharmacy and Clinic,Pharmacy,"Pharmacy, Ayurvedic clinic",695317,Kerala Circle,Trivandrum HQ Region,Trivandrum North Division,Thonnakkal SO,+91 491 254 4623,N/A,4.0,32.0,"Opp: Dist. Ayurveda Hospital, Head Post Office Road, SH27, Palakkad, Keralam 678001","Sheshadri Nagar, Koppam",10.7749131,76.65815649999999,ChIJA50W5ONtqDsRecvVOMaUieY,https://www.google.com/maps/place/?q=place_id:ChIJA50W5ONtqDsRecvVOMaUieY,part_311,2026-09-20 20:23:38,15709
Dr.Ayurveda INDIA (Since 1995),Ayurvedic Pharmacy and Clinic,Herbal medicine store,"Herbal medicine store, Service establishment",695317,Kerala Circle,Trivandrum HQ Region,Trivandrum North Division,Thonnakkal SO,N/A,http://drayurvedahealth.com/,4.4,55.0,"Dr.Ayurveda INDIA (Since 1995), 695317, India",695317,21.0680074,82.7525294,ChIJHQr2VEh1Q44RHndIP422r8Q,https://www.google.com/maps/place/?q=place_id:ChIJHQr2VEh1Q44RHndIP422r8Q,part_311,2026-09-20 20:23:38,15710
Adarsh Ayurvedic Pharmacy,Ayurvedic Pharmacy and Clinic,Pharmacy,"Pharmacy, Dermatologist, Fertility physician, Infectious disease physician, Orthopedic clinic, ENT Specialist, Medical clinic, Sexologist, Wholesaler",695317,Kerala Circle,Trivandrum HQ Region,Trivandrum North Division,Thonnakkal SO,+91 98979 02760,https://adarshayurvedicpharmacy.in/,4.8,1244.0,"Daksha Mandir Rd, Near Post office, Kankhal, Haridwar, Uttarakhand 249408",Kankhal,29.9251479,78.1472095,ChIJ5XcDAKdHCTkR0zqb7Vxzco0,https://www.google.com/maps/place/?q=place_id:ChIJ5XcDAKdHCTkR0zqb7Vxzco0,part_311,2026-09-20 20:23:38,15711
Ayuryogashram,Ayurvedic Pharmacy and Clinic,Alternative medicine practitioner,Alternative medicine practitioner,695317,Kerala Circle,Trivandrum HQ Region,Trivandrum North Division,Thonnakkal SO,+91 94470 63899,http://www.ayuryogashram.com/,4.7,94.0,"Parlikad, Keralam 680623",695317,10.638131999999999,76.2328342,ChIJDSZQslHopzsRhc9SjzT4_4Y,https://www.google.com/maps/place/?q=place_id:ChIJDSZQslHopzsRhc9SjzT4_4Y,part_311,2026-09-20 20:23:38,15712
AyurCentral HSR Layout _ Ayurveda Pharmacy & Clinic,Ayurvedic Pharmacy and Clinic,Pharmacy,"Pharmacy, Ayurvedic clinic, Doctor, Herbal medicine store, Medical Center",695317,Kerala Circle,Trivandrum HQ Region,Trivandrum North Division,Thonnakkal SO,+91 89041 82828,https://ayurcentralonline.com/store-locator/hsr-layout/,4.9,87.0,"Basement floor, 102, 17th Cross Rd, near BDA Complex, opp. to lenskart.com flagship store, Sector 6, HSR Layout, Bengaluru, Karnataka 560102","Sector 6, HSR Layout",12.9125195,77.6359087,ChIJA0eTu50VrjsRFSPCaJldt-Q,https://www.google.com/maps/place/?q=place_id:ChIJA0eTu50VrjsRFSPCaJldt-Q,part_311,2026-09-20 20:23:38,15713
Padanjali Ayurvedics,Ayurvedic Pharmacy and Clinic,Skin care clinic,"Skin care clinic, Alternative medicine practitioner, Cosmetics store, Dermatologist, Health and beauty shop, Medical clinic",695317,Kerala Circle,Trivandrum HQ Region,Trivandrum North Division,Thonnakkal SO,+91 94479 24590,http://www.padanjaly.com/,4.7,56.0,"#18/574A, NH 66, Kuttippuram, Kerala 679571",695317,10.8443848,76.0303639,ChIJ3WsjCX23pzsRE84mDIAOu7o,https://www.google.com/maps/place/?q=place_id:ChIJ3WsjCX23pzsRE84mDIAOu7o,part_311,2026-09-20 20:23:38,15714
Kerala Ayurveda Pharmacy,Ayurvedic Pharmacy and Clinic,Pharmacy,"Pharmacy, Alternative medicine practitioner",695317,Kerala Circle,Trivandrum HQ Region,Trivandrum North Division,Thonnakkal SO,+91 491 254 1548,N/A,4.1,38.0,"QJFR+F9Q, Melamuri, Palakkad, Keralam 678014","Sakthi Nagar, Chakkanthara",10.773708599999999,76.6409718,ChIJTwrbqAByqDsRtorz7VvrMr4,https://www.google.com/maps/place/?q=place_id:ChIJTwrbqAByqDsRtorz7VvrMr4,part_311,2026-09-20 20:23:38,15715
ADIGA AYURVEDA BHANDARA,Ayurvedic Pharmacy and Clinic,Pharmacy,"Pharmacy, Alternative medicine practitioner",695317,Kerala Circle,Trivandrum HQ Region,Trivandrum North Division,Thonnakkal SO,+91 83103 81599,N/A,4.8,16.0,"Hosur Rd, Sidharata Colony, Madiwala, 1st Stage, BTM Layout, Bengaluru, Karnataka 560068","Sidharata Colony, Madiwala, 1st Stage, BTM Layout",12.9228986,77.619243,ChIJZQ44__cUrjsR-aTnc3ZXA80,https://www.google.com/maps/place/?q=place_id:ChIJZQ44__cUrjsR-aTnc3ZXA80,part_311,2026-09-20 20:23:38,15716
Pathnettam Kandam Vaidyasala,Ayurvedic Pharmacy and Clinic,Pharmacy,Pharmacy,695317,Kerala Circle,Trivandrum HQ Region,Trivandrum North Division,Thonnakkal SO,+91 491 254 5875,N/A,4.7,12.0,"C.B.E. Road, opp. Stadium, Palakkad, Keralam 678001","Sheshadri Nagar, Koppam",10.773544099999999,76.6608399,ChIJsw0qzuZtqDsRUCsccwmDAFg,https://www.google.com/maps/place/?q=place_id:ChIJsw0qzuZtqDsRUCsccwmDAFg,part_311,2026-09-20 20:23:38,15717
Ayurargha Ayurvedic Clinic,Ayurvedic Pharmacy and Clinic,Ayurvedic clinic,Ayurvedic clinic,695317,Kerala Circle,Trivandrum HQ Region,Trivandrum North Division,Thonnakkal SO,+91 91639 87387,https://sites.google.com/view/ayurargha-ayurvedic-clinic,4.9,25.0,"2/7/1, Ambika Kundu Ln, Santragachi, Ramrajatala, Howrah, West Bengal 711104","Santragachi, Ramrajatala",22.5861993,88.2996072,ChIJDzXGIQV5AjoRxdEQtA-9UjU,https://www.google.com/maps/place/?q=place_id:ChIJDzXGIQV5AjoRxdEQtA-9UjU,part_311,2026-09-20 20:23:38,15718
Sri Balaji Ayurvedic Pharma,Ayurvedic Pharmacy and Clinic,Pharmacy,Pharmacy,695317,Kerala Circle,Trivandrum HQ Region,Trivandrum North Division,Thonnakkal SO,+91 99459 10314,N/A,4.6,57.0,"No 5/2 Old Binnamangala 1st Cross, Shri Krishna Temple Rd, Stage 1, Indiranagar, Bengaluru, Karnataka 560038","Indira Nagar 1st Stage, Stage 1, Indiranagar",12.9792759,77.6411322,ChIJ7Y5UPHcWrjsRP2IuWRG9vLc,https://www.google.com/maps/place/?q=place_id:ChIJ7Y5UPHcWrjsRP2IuWRG9vLc,part_311,2026-09-20 20:23:38,15719
Upadhya Ayurveda Bhandara,Ayurvedic Pharmacy and Clinic,Ayurvedic clinic,"Ayurvedic clinic, Health",695317,Kerala Circle,Trivandrum HQ Region,Trivandrum North Division,Thonnakkal SO,+91 80 2337 2422,N/A,4.3,37.0,"15/33A, Mathikere Main Rd, Near Old Post Office, Gokula 1st Stage, Mathikere, Bengaluru, Karnataka 560054","Gokula 1st Stage, Mathikere",13.0297339,77.5595616,ChIJpU_3oGE9rjsRBRrDavf-F-Q,https://www.google.com/maps/place/?q=place_id:ChIJpU_3oGE9rjsRBRrDavf-F-Q,part_311,2026-09-20 20:23:38,15720
MS Haque Clinic | Ayurvedic & Unani Treatment Clinic -Best Ayurveda Doctor,Ayurvedic Pharmacy and Clinic,Ayurvedic clinic,"Ayurvedic clinic, Alternative Medicine Clinic, Alternative medicine practitioner, Fertility clinic, Fertility physician, Men's health physician, Women's health clinic, Reproductive health clinic, Sexologist",695317,Kerala Circle,Trivandrum HQ Region,Trivandrum North Division,Thonnakkal SO,+91 94314 44167,https://mshaqueclinic.com/,4.9,634.0,"Ground Floor, Galaxy apt, 38, Dent Mission Rd, near Fancy market, Ekbalpur, Kidderpore, Kolkata, West Bengal 700023","Ekbalpur, Kidderpore",22.5357342,88.32255909999999,ChIJ01wSyt55AjoR9qmT8UbUmF8,https://www.google.com/maps/place/?q=place_id:ChIJ01wSyt55AjoR9qmT8UbUmF8,part_311,2026-09-20 20:23:38,15721
Naturoveda Health World - Howrah,Ayurvedic Pharmacy and Clinic,Ayurvedic clinic,"Ayurvedic clinic, Alternative medicine practitioner, Diabetologist, Health consultant, Sexologist, Skin care clinic, Wellness center",695317,Kerala Circle,Trivandrum HQ Region,Trivandrum North Division,Thonnakkal SO,+91 33 4040 1212,https://www.naturoveda.com/,4.7,414.0,"49, Dr Abani Dutta Rd, near Pilkhana, Babudanga, Salkia, Howrah, West Bengal 711106","Babudanga, Salkia",22.5946882,88.34004209999999,ChIJaVCoL_d3AjoRI10Nh_NnJss,https://www.google.com/maps/place/?q=place_id:ChIJaVCoL_d3AjoRI10Nh_NnJss,part_311,2026-09-20 20:23:38,15722
Kottakkal Arya Vaidya Sala - Cochin Bank Jn.,Ayurvedic Pharmacy and Clinic,Pharmacy,Pharmacy,695317,Kerala Circle,Trivandrum HQ Region,Trivandrum North Division,Thonnakkal SO,+91 77360 88322,N/A,4.2,13.0,"Bank Jn, Cochin Bank Junction, Choondy, Kochi, Aluva, Keralam 683101","Cochin Bank Junction, Choondy",10.0884308,76.3657456,ChIJhVjIVasOCDsRzuKZOhbTm4E,https://www.google.com/maps/place/?q=place_id:ChIJhVjIVasOCDsRzuKZOhbTm4E,part_311,2026-09-20 20:23:38,15723
AYURVADIC HERBAL CLINIC,Ayurvedic Pharmacy and Clinic,Medical clinic,Medical clinic,695317,Kerala Circle,Trivandrum HQ Region,Trivandrum North Division,Thonnakkal SO,+91 97801 59544,N/A,,,"Avtar Nagar, Jalandhar, Punjab 144001",Avtar Nagar,31.317594099999997,75.5628368,ChIJMzuarfpaGjkRDjvPCYwEB7E,https://www.google.com/maps/place/?q=place_id:ChIJMzuarfpaGjkRDjvPCYwEB7E,part_311,2026-09-20 20:23:39,15724
"Kottakkal Arya Vaidya Sala - TC Palya Main Road, Bengaluru, Karnataka",Ayurvedic Pharmacy and Clinic,Pharmacy,"Pharmacy, Ayurvedic clinic, Hospital",695317,Kerala Circle,Trivandrum HQ Region,Trivandrum North Division,Thonnakkal SO,+91 82776 60060,http://www.sreesaiayurvedics.com/,4.9,,"14th Cross Rd, TC Palya Main Rd, near Trends Junior, Akshaya Nagar, Bengaluru, Karnataka 560016","Akshaya Nagar, Varanasi",13.021588,77.68699769999999,ChIJ9RQXZfsQrjsR1F1bPy-Og6Y,https://www.google.com/maps/place/?q=place_id:ChIJ9RQXZfsQrjsR1F1bPy-Og6Y,part_311,2026-09-20 20:23:39,15725
Ayurvedic Clinic,Ayurvedic Pharmacy and Clinic,Alternative medicine practitioner,Alternative medicine practitioner,695317,Kerala Circle,Trivandrum HQ Region,Trivandrum North Division,Thonnakkal SO,+91 90402 47208,N/A,5.0,,"FV4M+W2R, Badambadi Colony, Kataka, Odisha 753012",Badambadi Colony,20.4573666,85.88252229999999,ChIJbf01dZwNGToReQqX0u1Z2UM,https://www.google.com/maps/place/?q=place_id:ChIJbf01dZwNGToReQqX0u1Z2UM,part_311,2026-09-20 20:23:39,15726
Guru Ayurvedic Centre,Ayurvedic Pharmacy and Clinic,Pharmacy,Pharmacy,695317,Kerala Circle,Trivandrum HQ Region,Trivandrum North Division,Thonnakkal SO,+91 99721 10749,N/A,4.1,,"313, 20th Main Rd, 3rd Block, Rajajinagar, Bengaluru, Karnataka 560010","3rd Block, Rajajinagar",12.984677,77.554836,ChIJTZjTpPM9rjsRzwF459H7hAw,https://www.google.com/maps/place/?q=place_id:ChIJTZjTpPM9rjsRzwF459H7hAw,part_311,2026-09-20 20:23:39,15727
AYURVEDIC CLINIC,Ayurvedic Pharmacy and Clinic,Ayurvedic Pharmacy and Clinic,Ayurvedic Pharmacy and Clinic,695317,Kerala Circle,Trivandrum HQ Region,Trivandrum North Division,Thonnakkal SO,N/A,N/A,,,Mulath 184121,695317,32.592454,75.1286784,ChIJm0z7yR8jHDkRzYn82kGLGeo,https://www.google.com/maps/place/?q=place_id:ChIJm0z7yR8jHDkRzYn82kGLGeo,part_311,2026-09-20 20:23:39,15728
SNE Ayurveda Pharmacy,Ayurvedic Pharmacy and Clinic,Ayurvedic clinic,Ayurvedic clinic,695318,Kerala Circle,Trivandrum HQ Region,Trivandrum North Division,Vennicode SO,+91 99642 61263,N/A,4.9,,"417/A 1st Cross, Road, behind Karnataka Bank, Jnanamandira, Mysuru, Karnataka 570026",Bank Employees' Colony,12.3051,76.5990898,ChIJn20aCe17rzsR4bkj9WXqebY,https://www.google.com/maps/place/?q=place_id:ChIJn20aCe17rzsR4bkj9WXqebY,part_311,2026-09-20 20:24:24,18621
AYUR MATAM AYURVEDA HEALTH VILLAGE,Ayurvedic Pharmacy and Clinic,Hospital,Hospital,695318,Kerala Circle,Trivandrum HQ Region,Trivandrum North Division,Vennicode SO,+91 821 247 7800,http://ayurmatam.com/,4.7,,"295/3, Near Govt School, Shooting Mahadeva pura Main Road Kalisiddanahundi, Rammanahalli, Mysuru, Karnataka 570019",695318,12.3533025,76.7173779,ChIJ87iWaBx6rzsRBF1LAjE0pmE,https://www.google.com/maps/place/?q=place_id:ChIJ87iWaBx6rzsRBF1LAjE0pmE,part_311,2026-09-20 20:24:24,18622
CHARAKA AYURVEDIC MEDICINES,Ayurvedic Pharmacy and Clinic,Pharmacy,Pharmacy,695318,Kerala Circle,Trivandrum HQ Region,Trivandrum North Division,Vennicode SO,+91 79753 66308,https://charakaayurvedicmedicines.com/,4.8,,"Brindavan Extension 1st Stage, Brindavan Extension, Mysuru, Karnataka 570020","Brindavan Extension 1st Stage, Brindavan Extension",12.3418183,76.6334536,ChIJ7aGUDMF7rzsRrpyyYNb3bns,https://www.google.com/maps/place/?q=place_id:ChIJ7aGUDMF7rzsRrpyyYNb3bns,part_311,2026-09-20 20:24:24,18623
Swastik Ayurvedic Store,Ayurvedic Pharmacy and Clinic,Pharmacy,"Pharmacy, Alternative medicine practitioner",695318,Kerala Circle,Trivandrum HQ Region,Trivandrum North Division,Vennicode SO,+91 97102 54622,N/A,4.7,,"147, LB Rd, Indira Nagar, Thiruvanmiyur, Chennai, Tamil Nadu 600041","Indira Nagar, Thiruvanmiyur",12.9942665,80.2557199,ChIJqw5v8V1dUjoRYoIkOJRmctk,https://www.google.com/maps/place/?q=place_id:ChIJqw5v8V1dUjoRYoIkOJRmctk,part_311,2026-09-20 20:24:24,18624
Ayurmeds Ayurvedic Pharmacy & Clinic,Ayurvedic Pharmacy and Clinic,Pharmacy,"Pharmacy, Herbal medicine store",695318,Kerala Circle,Trivandrum HQ Region,Trivandrum North Division,Vennicode SO,+91 79802 05714,http://ayurmeds-ayurvedic-clinic.localo.site/,5.0,,"PADMALAXMI APPARTMENT, BA 37/38, near PRAFULLAKANAN ELECTRIC OFFICE, Prafulla Kanan, Kestopur, KOL, Kolkata, West Bengal 700101","Prafulla Kanan, Kestopur",22.605878699999998,88.4226983,ChIJn5CBXIR1AjoRcF5tC6MrD2A,https://www.google.com/maps/place/?q=place_id:ChIJn5CBXIR1AjoRcF5tC6MrD2A,part_311,2026-09-20 20:24:24,18625
Ayur Kshetra,Ayurvedic Pharmacy and Clinic,Alternative medicine practitioner,"Alternative medicine practitioner, Alternative Medicine Clinic, Doctor, Health consultant, Herbal medicine store, Massage therapist, Women's health clinic, Pain management physician, Wellness center",695318,Kerala Circle,Trivandrum HQ Region,Trivandrum North Division,Vennicode SO,+91 93810 26016,https://www.ayurkshetra.com/,4.6,,"5 Panjaliamman, Koll Street, Amaravathi Nagar, Arumbakkam, Chennai, Tamil Nadu 600106","Amaravathi Nagar, Arumbakkam",13.076133299999999,80.2106264,ChIJfYagb59mUjoRJ0-ILv4jU1c,https://www.google.com/maps/place/?q=place_id:ChIJfYagb59mUjoRJ0-ILv4jU1c,part_311,2026-09-20 20:24:24,18626
Ashwini Ayurvedic,Ayurvedic Pharmacy and Clinic,Ayurvedic clinic,Ayurvedic clinic,695318,Kerala Circle,Trivandrum HQ Region,Trivandrum North Division,Vennicode SO,+91 821 243 1399,N/A,4.7,,"285/F 6, Ramanuja Road, Ramanuja Road, Near J S S Hospital, Agrahara, Mysuru, Karnataka 570004","Agrahara, Fort Mohalla",12.2978958,76.65393689999999,ChIJN9MIRBtwrzsRRT4NRZycbaw,https://www.google.com/maps/place/?q=place_id:ChIJN9MIRBtwrzsRRT4NRZycbaw,part_311,2026-09-20 20:24:24,18627
Ayurvedic Pharmacy,Ayurvedic Pharmacy and Clinic,Pharmacy,Pharmacy,695318,Kerala Circle,Trivandrum HQ Region,Trivandrum North Division,Vennicode SO,+91 93421 88140,N/A,4.6,,"600, College Rd, Subbarayanakere, KR Mohalla, Chamrajpura, Mysuru, Karnataka 570004","Subbarayanakere, KR Mohalla, Chamrajpura",12.3039908,76.6479256,ChIJj0XAMw9wrzsR0bvjKSB876c,https://www.google.com/maps/place/?q=place_id:ChIJj0XAMw9wrzsR0bvjKSB876c,part_311,2026-09-20 20:24:24,18628
Karthika Ayurveda Clinic,Ayurvedic Pharmacy and Clinic,Ayurvedic clinic,"Ayurvedic clinic, Medical clinic",695318,Kerala Circle,Trivandrum HQ Region,Trivandrum North Division,Vennicode SO,+91 70127 64461,N/A,4.8,,"Puthiyapalam east, Chunnambuthara, Kalpathy, Palakkad, Keralam 678003","Chunnambuthara, Kalpathy",10.7932022,76.643749,ChIJP3DpU6NvqDsRKnEl7RrUIUU,https://www.google.com/maps/place/?q=place_id:ChIJP3DpU6NvqDsRKnEl7RrUIUU,part_311,2026-09-20 20:24:24,18629
Sanjivani Ayurvedic,Ayurvedic Pharmacy and Clinic,Herbal medicine store,"Herbal medicine store, Ayurvedic clinic",695318,Kerala Circle,Trivandrum HQ Region,Trivandrum North Division,Vennicode SO,+91 94282 77470,N/A,4.6,36.0,"Shop No. 9, RADHE CRYSTAL, nr. Sardar Chowk, Kudasan, Gandhinagar, Gujarat 382419",Kudasan,23.1801492,72.63464359999999,ChIJt6qqZRQqXDkRZvzZeFt6MRI,https://www.google.com/maps/place/?q=place_id:ChIJt6qqZRQqXDkRZvzZeFt6MRI,part_311,2026-09-20 20:24:25,18630
Mahalakshmi Ayurvedic Centre,Ayurvedic Pharmacy and Clinic,Alternative medicine practitioner,Alternative medicine practitioner,695318,Kerala Circle,Trivandrum HQ Region,Trivandrum North Division,Vennicode SO,+91 95902 00068,N/A,4.9,18.0,"No. 166/13, 12th Main, Near ICICI Atm, Mahalakshmi Layout, Bengaluru, Karnataka 560086","Bovipalya, Mahalakshmipuram",13.0079721,77.54647229999999,ChIJmdLjuZ09rjsRyXidkoRFBEU,https://www.google.com/maps/place/?q=place_id:ChIJmdLjuZ09rjsRyXidkoRFBEU,part_311,2026-09-20 20:24:25,18631
AyurLife,Ayurvedic Pharmacy and Clinic,Ayurvedic clinic,"Ayurvedic clinic, Health consultant, Health counselor, Wellness center",695318,Kerala Circle,Trivandrum HQ Region,Trivandrum North Division,Vennicode SO,+91 98303 32926,https://ayurlife.co.in/,4.9,46.0,"Belilious Ln, opposite Anjali Jwelers, Kadam Tala, Howrah, West Bengal 711101",Kadam Tala,22.5872073,88.3276807,ChIJfVD3i8t3AjoR8NG_E7MB5Ck,https://www.google.com/maps/place/?q=place_id:ChIJfVD3i8t3AjoR8NG_E7MB5Ck,part_311,2026-09-20 20:24:25,18632
Sonarpur Ayurvedic Centre,Ayurvedic Pharmacy and Clinic,Herbal medicine store,"Herbal medicine store, Beauty Products Wholesaler, Health consultant",695318,Kerala Circle,Trivandrum HQ Region,Trivandrum North Division,Vennicode SO,+91 98306 24813,N/A,5.0,7.0,"South Noapara, Sonarpur Bazar Rd, Rajpur Sonarpur, Kolkata, West Bengal 700150","Kamrabad, Narendrapur",22.443288,88.4284098,ChIJB56lTWhyAjoR2Oy8akl5ZZ4,https://www.google.com/maps/place/?q=place_id:ChIJB56lTWhyAjoR2Oy8akl5ZZ4,part_311,2026-09-20 20:24:25,18633
Kottakkal Arya Vaidya Sala,Ayurvedic Pharmacy and Clinic,Ayurvedic clinic,Ayurvedic clinic,695318,Kerala Circle,Trivandrum HQ Region,Trivandrum North Division,Vennicode SO,+91 98867 53224,N/A,4.8,87.0,"1236/56, Old Post Office Rd, Chandra Vadana Layout, Ramamurthy Nagar, Bengaluru, Karnataka 560016","Chandra Vadana Layout, Ramamurthy Nagar",13.012015,77.67700169999999,ChIJa94XWh8RrjsR28KiykA-ZNo,https://www.google.com/maps/place/?q=place_id:ChIJa94XWh8RrjsR28KiykA-ZNo,part_311,2026-09-20 20:24:25,18634
Sri Ayurved clinic,Ayurvedic Pharmacy and Clinic,Alternative medicine practitioner,Alternative medicine practitioner,695318,Kerala Circle,Trivandrum HQ Region,Trivandrum North Division,Vennicode SO,+91 97047 02268,http://www.sriayurved.com/,5.0,202.0,"F978+W4J, Police Colony Rd, Vutla Sattaiah Colony, Hanuman Nagar, Gachibowli, Hyderabad, Telangana 500084","Vutla Sattaiah Colony, Hanuman Nagar, Gachibowli",17.4648125,78.3653125,ChIJ_38NPnCTyzsR9rKKBMXmdos,https://www.google.com/maps/place/?q=place_id:ChIJ_38NPnCTyzsR9rKKBMXmdos,part_311,2026-09-20 20:24:25,18635
Ayurgenomics Botanicals pvt ltd,Ayurvedic Pharmacy and Clinic,Health and beauty shop,Health and beauty shop,695318,Kerala Circle,Trivandrum HQ Region,Trivandrum North Division,Vennicode SO,+91 95226 44446,https://ayurgenomicsbotanicals.com/,5.0,10.0,"Bheemsen marg, near Krishna talkis, Nagar Nigam Colony, Samta Colony, Raipur, Chhattisgarh 492001","Nagar Nigam Colony, Samta Colony",21.245798699999998,81.6244651,ChIJI7hg_hndKDoRJMWSmvCRcUs,https://www.google.com/maps/place/?q=place_id:ChIJI7hg_hndKDoRJMWSmvCRcUs,part_311,2026-09-20 20:24:26,18636
Ayurveda Clinic,Ayurvedic Pharmacy and Clinic,Pharmacy,Pharmacy,695318,Kerala Circle,Trivandrum HQ Region,Trivandrum North Division,Vennicode SO,+91 98992 99009,N/A,1.0,1.0,"73, Vasant Kunj Rd, K-Block, Andheria Mor Village, New, South, New Delhi, Delhi 110037","K-Block, Andheria Mor Village, New, South",28.5436442,77.1284756,ChIJG1sTBz8cDTkR-5iqgITN2u0,https://www.google.com/maps/place/?q=place_id:ChIJG1sTBz8cDTkR-5iqgITN2u0,part_311,2026-09-20 20:24:26,18637
Shubham Ayurvedic Store,Ayurvedic Pharmacy and Clinic,Pharmacy,"Pharmacy, Alternative Medicine Clinic, Ayurvedic clinic, Drug store, Herb shop, Herbalist, Homeopathic pharmacy, Pharmaceutical Products Wholesaler, Herbal medicine store, Wholesale drugstore",695318,Kerala Circle,Trivandrum HQ Region,Trivandrum North Division,Vennicode SO,+91 97821 53851,http://www.shubhamayurvedicstore.com/,4.8,181.0,"Shop No. - 6, Queens Rd, near ICICI BANK ATM, Nityanand Nagar, Vaishali Nagar, Jaipur, Jaipur Nagar Nigam Area, Rajasthan 302021","Nityanand Nagar, Vaishali Nagar",26.9043192,75.7529936,ChIJl3BufKazbTkRUkscV2gowHM,https://www.google.com/maps/place/?q=place_id:ChIJl3BufKazbTkRUkscV2gowHM,part_311,2026-09-20 20:24:26,18638
Avvyaa Medicos,Ayurvedic Pharmacy and Clinic,Herbal medicine store,Herbal medicine store,695318,Kerala Circle,Trivandrum HQ Region,Trivandrum North Division,Vennicode SO,+91 94144 88367,N/A,5.0,13.0,"Peetal Factory crossing, 4, Jhotwara Rd, opp. Tambi Petrol Pump, Shastri Nagar, Jaipur, Jaipur Nagar Nigam Area, Rajasthan 302016",Shastri Nagar,26.9335451,75.7963228,ChIJperadUezbTkR8AZgqwiQtZQ,https://www.google.com/maps/place/?q=place_id:ChIJperadUezbTkR8AZgqwiQtZQ,part_311,2026-09-20 20:24:26,18639
SHRI BABA AYURVED STORE,Ayurvedic Pharmacy and Clinic,Herbal medicine store,"Herbal medicine store, Ayurvedic clinic",695318,Kerala Circle,Trivandrum HQ Region,Trivandrum North Division,Vennicode SO,+91 88248 21008,N/A,4.9,546.0,"Shop no 2a, Queens Rd, near temple of healing, Nityanand Nagar, Bhan Nagar, Jaipur, Jaipur Nagar Nigam Area, Rajasthan 302021","Nityanand Nagar, Bhan Nagar",26.9044453,75.75299,ChIJIYxnlYW0bTkR5RQxQLfjyvA,https://www.google.com/maps/place/?q=place_id:ChIJIYxnlYW0bTkR5RQxQLfjyvA,part_311,2026-09-20 20:24:26,18640
Shekhawati ayurvedic,Ayurvedic Pharmacy and Clinic,Herbal medicine store,Herbal medicine store,695318,Kerala Circle,Trivandrum HQ Region,Trivandrum North Division,Vennicode SO,+91 98874 96152,N/A,4.3,23.0,"Sector 6 Near Apollo pharmacy, Patanjali Store k samne VT Road, Madhyam Marg, Mansarovar, Jaipur, Rajasthan 302020","Ward 27, Mansarovar Sector 6, Mansarovar",26.861613199999997,75.7626813,ChIJu6HtyTK1bTkRDVM8YRfiRKs,https://www.google.com/maps/place/?q=place_id:ChIJu6HtyTK1bTkRDVM8YRfiRKs,part_311,2026-09-20 20:24:26,18641
Jeevan Jyoti Ayurveda Center,Ayurvedic Pharmacy and Clinic,Pharmacy,"Pharmacy, Ayurvedic clinic, Herb shop, Herbal medicine store",695318,Kerala Circle,Trivandrum HQ Region,Trivandrum North Division,Vennicode SO,+91 77124 20600,N/A,4.7,14.0,"Katora Talab Main Rd, Katora Talab, Civil Lines, Raipur, Chhattisgarh 492001","Katora Talab, Civil Lines",21.2334314,81.6523131,ChIJtVmmsAjdKDoRQ8UAbFBFHm8,https://www.google.com/maps/place/?q=place_id:ChIJtVmmsAjdKDoRQ8UAbFBFHm8,part_311,2026-09-20 20:24:26,18642
Lalitha Ayurvedic Pharmacy,Ayurvedic Pharmacy and Clinic,Pharmacy,"Pharmacy, Hospital",695318,Kerala Circle,Trivandrum HQ Region,Trivandrum North Division,Vennicode SO,+91 44 2472 1171,N/A,4.5,16.0,"No 9, central avenue, Station View Rd, Kodambakkam, Chennai, Tamil Nadu 600024","Taylor Estate, Kodambakkam",13.0522881,80.2289667,ChIJZdBtgPZmUjoRRtxenNZY9T4,https://www.google.com/maps/place/?q=place_id:ChIJZdBtgPZmUjoRRtxenNZY9T4,part_311,2026-09-20 20:24:26,18643
Amrit goli,Ayurvedic Pharmacy and Clinic,Alternative medicine practitioner,Alternative medicine practitioner,695318,Kerala Circle,Trivandrum HQ Region,Trivandrum North Division,Vennicode SO,+91 141 259 1724,https://www.amritgoli.com/,4.9,97.0,"969, piyush villa, Jp Phatak Link Rd, Barkat Nagar, Jaipur, Rajasthan 302015","Barkat Nagar, Tonk Phatak",26.8738903,75.7896793,ChIJQ5kgXd-1bTkRg5qMDieihVw,https://www.google.com/maps/place/?q=place_id:ChIJQ5kgXd-1bTkRg5qMDieihVw,part_311,2026-09-20 20:24:26,18644
Kerala Ayurveda Kendra,Ayurvedic Pharmacy and Clinic,Ayurvedic clinic,"Ayurvedic clinic, Alternative Medicine Clinic, Alternative medicine practitioner, Herb shop, Herbal medicine store, Massage spa",695318,Kerala Circle,Trivandrum HQ Region,Trivandrum North Division,Vennicode SO,+91 87400 00855,http://www.keralaayurvedakendra.com/,4.9,4418.0,"Kerala Ayurveda Kendra 32, Police Station, opposite Banipark, Indra Colony, Bani Park, Jaipur, Jaipur Nagar Nigam Area, Rajasthan 302016","Indra Colony, Bani Park",26.9367125,75.786504,ChIJKXwKvq22bTkRMilIHy9XSVM,https://www.google.com/maps/place/?q=place_id:ChIJKXwKvq22bTkRMilIHy9XSVM,part_311,2026-09-20 20:24:26,18645
Suraj Herbals,Ayurvedic Pharmacy and Clinic,Manufacturer,"Manufacturer, Ayurvedic clinic, Health consultant, Herbal medicine store, Pharmaceuticals Exporter",695318,Kerala Circle,Trivandrum HQ Region,Trivandrum North Division,Vennicode SO,+91 96366 00550,https://www.surajherbals.com/,4.2,25.0,"2nd Floor, Shyam Plaza, Niwaru Rd, above VK Electronics, near Radhika Sweets, Jhotwara, Jaipur, Niwaroo, Rajasthan 302012",Jhotwara,26.9674592,75.7197138,ChIJGcjC9DWzbTkRluBpXtvnSFk,https://www.google.com/maps/place/?q=place_id:ChIJGcjC9DWzbTkRluBpXtvnSFk,part_311,2026-09-20 20:24:26,18646
Sri Thulasi Krishna Ayurvedic Stores,Ayurvedic Pharmacy and Clinic,Pharmacy,Pharmacy,695318,Kerala Circle,Trivandrum HQ Region,Trivandrum North Division,Vennicode SO,+91 90630 52891,N/A,4.1,19.0,"Shop No.G-1, And Indian Oil Petrol Bunk, H.No.2-3-213, Main Road, opposite Asian Cine Square, Shanti Nagar, Uppal, Hyderabad, Telangana 500039","Shanti Nagar, Uppal",17.4013007,78.5715551,ChIJI9wjQCqfyzsRpqg2hLsVevg,https://www.google.com/maps/place/?q=place_id:ChIJI9wjQCqfyzsRpqg2hLsVevg,part_311,2026-09-20 20:24:26,18647
Shri Jayanti Ayurved Bhandar,Ayurvedic Pharmacy and Clinic,Pharmacy,"Pharmacy, Alternative medicine practitioner",695318,Kerala Circle,Trivandrum HQ Region,Trivandrum North Division,Vennicode SO,N/A,N/A,4.3,21.0,"91, Krishanpoke Bazar, Chandpol, Jaipur, Rajasthan 302001","Kishanpole Bazar, Chandpole Bazar, Chandpole, Chandpol",26.921275299999998,75.8174232,ChIJ25xztFKxbTkRatGHp0m44mc,https://www.google.com/maps/place/?q=place_id:ChIJ25xztFKxbTkRatGHp0m44mc,part_311,2026-09-20 20:24:26,18648
Adinath Medical & Provision Store,Ayurvedic Pharmacy and Clinic,Pharmacy,Pharmacy,695318,Kerala Circle,Trivandrum HQ Region,Trivandrum North Division,Vennicode SO,N/A,N/A,3.8,24.0,"Plot 2, Shop no, 56/40, Rajat Path, Ward Number 43, Rajat Path, Mansarovar Sector 5, Mansarovar, Jaipur, Rajasthan 302020","Ward Number 43, Rajat Path, Mansarovar Sector 5, Mansarovar",26.8648101,75.75881919999999,ChIJsc4P6wC1bTkRiD_EUzw__os,https://www.google.com/maps/place/?q=place_id:ChIJsc4P6wC1bTkRiD_EUzw__os,part_311,2026-09-20 20:24:26,18649
Praxom Ayurveda,Ayurvedic Pharmacy and Clinic,Herbal medicine store,"Herbal medicine store, Service establishment",695318,Kerala Circle,Trivandrum HQ Region,Trivandrum North Division,Vennicode SO,+91 92567 40298,https://www.praxom.com/,4.6,22.0,"Praxom Ayurveda, 695318, India",695318,21.0680074,82.7525294,ChIJZ-XIYH61bTkR0GpT5K_3Reg,https://www.google.com/maps/place/?q=place_id:ChIJZ-XIYH61bTkR0GpT5K_3Reg,part_311,2026-09-20 20:24:26,18650
Nigaran Ayurveda,Ayurvedic Pharmacy and Clinic,Pharmacy,"Pharmacy, Health food store, Herbalist, Holistic medicine practitioner, Organic drug store, Organic farm, Organic food store, Organic restaurant, Organic shop",695318,Kerala Circle,Trivandrum HQ Region,Trivandrum North Division,Vennicode SO,+91 91765 03334,N/A,4.6,13.0,"Harshini Complex, Shop No. 3, First Main Rd, Perumbakkam, Tamil Nadu 600100",Perumbakkam,12.906149599999999,80.19975769999999,ChIJ2966HjBdUjoRwoJxi-6DMnA,https://www.google.com/maps/place/?q=place_id:ChIJ2966HjBdUjoRwoJxi-6DMnA,part_311,2026-09-20 20:24:26,18651
Shree Gulab Traders,Ayurvedic Pharmacy and Clinic,Herbal medicine store,Herbal medicine store,695318,Kerala Circle,Trivandrum HQ Region,Trivandrum North Division,Vennicode SO,N/A,N/A,5.0,1.0,"6JWQ+PJ7, Unnamed Road, Pandit Jawahar Lal Nehru Memorial Medical College, Moudhapara, Raipur, Chhattisgarh 492001","Pandit Jawahar Lal Nehru Memorial Medical College, Moudhapara",21.2467751,81.6390432,ChIJccRpAl7dKDoRCEqhRBrh3H4,https://www.google.com/maps/place/?q=place_id:ChIJccRpAl7dKDoRCEqhRBrh3H4,part_311,2026-09-20 20:24:26,18652
New Ideal Panchakarma Centre,Ayurvedic Pharmacy and Clinic,Alternative medicine practitioner,Alternative medicine practitioner,695501,Kerala Circle,Trivandrum HQ Region,Trivandrum South Division,"Balaramapuram SO, Bhagavathinada BO, Chowara BO",+91 471 226 6600,http://www.panchakarmakerala.com/,5.0,,"chowara, PO, Kovalam, Keralam 695501",695501,8.360463,77.0162663,ChIJ8f8Qba2oBTsRk3s2QKHPud4,https://www.google.com/maps/place/?q=place_id:ChIJ8f8Qba2oBTsRk3s2QKHPud4,part_311,2026-09-20 20:25:11,22513
Ananda Lakshmi Ayurveda Retreat,Ayurvedic Pharmacy and Clinic,Alternative medicine practitioner,"Alternative medicine practitioner, Resort hotel, Ayurvedic clinic, Health resort, Hotel, Retreat center, Spa, Wellness center, Wellness hotel, Yoga Retreat Center",695501,Kerala Circle,Trivandrum HQ Region,Trivandrum South Division,"Balaramapuram SO, Bhagavathinada BO, Chowara BO",+91 85930 40105,http://anandalakshmiayurveda.com/,4.5,,"Temple Road, near Kovalam, Adimalathura, Chowara, Kottukal, Keralam 695501",Adimalathura,8.3559854,77.0233616,ChIJIybSNU2vBTsR-94AUDES5CE,https://www.google.com/maps/place/?q=place_id:ChIJIybSNU2vBTsR-94AUDES5CE,part_311,2026-09-20 20:25:11,22514
Kottakkal Aryavaydyshala,Ayurvedic Pharmacy and Clinic,Alternative medicine practitioner,Alternative medicine practitioner,695501,Kerala Circle,Trivandrum HQ Region,Trivandrum South Division,"Balaramapuram SO, Bhagavathinada BO, Chowara BO",+91 483 280 8000,N/A,4.0,1.0,"C2GW+77C, Kattakkada Kottoor Road, near Canara bank, Pazhayakadalane, Balaramapuram, Keralam 695501",Pazhayakadalane,8.425688599999999,77.045644,ChIJAS1-LMSvBTsR5F2CVhUz_mw,https://www.google.com/maps/place/?q=place_id:ChIJAS1-LMSvBTsR5F2CVhUz_mw,part_311,2026-09-20 20:25:12,22515
ASIR SIDDHA & AYURVEDA HOSPITAL,Ayurvedic Pharmacy and Clinic,Hospital,Hospital,695502,Kerala Circle,Trivandrum HQ Region,Trivandrum South Division,"Parassala SO, Ayira BO, Cheruvarakonam BO",N/A,N/A,4.7,,"Kirathoor, Kollankodu, Tamil Nadu 629160",695502,8.2779476,77.1311678,ChIJOWsb08WrBTsRuP5Hly8j9iI,https://www.google.com/maps/place/?q=place_id:ChIJOWsb08WrBTsRuP5Hly8j9iI,part_311,2026-09-20 20:25:59,24590
Vaidyasala Sri Dhanwanthari Ayurveda Hospital and Child Development Centre,Ayurvedic Pharmacy and Clinic,Ayurvedic clinic,"Ayurvedic clinic, Alternative Medicine Clinic, Alternative medicine practitioner, Child health care center, Hospital, Women's health clinic, Occupational therapist, Physiotherapist, Speech & Hearing Specialist, Wellness center",695502,Kerala Circle,Trivandrum HQ Region,Trivandrum South Division,"Parassala SO, Ayira BO, Cheruvarakonam BO",+91 79940 74440,https://ayurvedavaidyashala.com/,4.8,,"Sri Dhanwanthari Ayurveda Hospital and Child Development Centre, Vaidyasala, 91/1046, Vazhavila Rd, Karikkakam, Thiruvananthapuram, Keralam 695021",Karikkakam,8.5081136,76.9039291,ChIJ0zvxe669BTsRsPKMjyRiuTc,https://www.google.com/maps/place/?q=place_id:ChIJ0zvxe669BTsRsPKMjyRiuTc,part_311,2026-09-20 20:25:59,24591
Pankajakasthuri Ayurveda Hospital,Ayurvedic Pharmacy and Clinic,Private hospital,"Private hospital, College",695502,Kerala Circle,Trivandrum HQ Region,Trivandrum South Division,"Parassala SO, Ayira BO, Cheruvarakonam BO",+91 471 229 5919,https://pankajakasthurihospital.com/,4.5,259.0,"Thiruvananthapuram - Kattakada Rd, Killy, Kattakkada, Keralam 695572",Killy,8.5034461,77.0712504,ChIJVVVVFRqxBTsRbO79Cm9F-Hc,https://www.google.com/maps/place/?q=place_id:ChIJVVVVFRqxBTsRbO79Cm9F-Hc,part_311,2026-09-20 20:26:01,24592
Kerala Ayurveda Multi Speciality Clinic,Ayurvedic Pharmacy and Clinic,Ayurvedic clinic,"Ayurvedic clinic, Alternative medicine practitioner, Health consultant, Massage therapist, Medical Center, Women's health clinic, Pain management physician, Wellness center",695502,Kerala Circle,Trivandrum HQ Region,Trivandrum South Division,"Parassala SO, Ayira BO, Cheruvarakonam BO",+91 90480 44473,https://keralaayurvedatvm.com/,4.9,72.0,"Pandits Colony Extension, Kowdiar, Thiruvananthapuram, Keralam 695003","Pandits Colony Extension, Kowdiar",8.5223285,76.9582849,ChIJn_oyvhm7BTsRdPI_UMQiI3s,https://www.google.com/maps/place/?q=place_id:ChIJn_oyvhm7BTsRdPI_UMQiI3s,part_311,2026-09-20 20:26:01,24593
Ayurveda Neethi Store,Ayurvedic Pharmacy and Clinic,Pharmacy,Pharmacy,695503,Kerala Circle,Trivandrum HQ Region,Trivandrum South Division,"Dhanuvachapuram SO, Manchavilakom BO",N/A,N/A,5.0,3.0,"Bus Stop, Salem - Kochi Hwy, Mullaravila, Moonnukallinmoodu, Neyyattinkara, Keralam 695121","Mullaravila, Moonnukallinmoodu",8.4093204,77.0759314,ChIJoSaNZjuvBTsRAOzU1ym0-NE,https://www.google.com/maps/place/?q=place_id:ChIJoSaNZjuvBTsRAOzU1ym0-NE,part_311,2026-09-20 20:27:11,25909
Gayathri Ayurvedics,Ayurvedic Pharmacy and Clinic,Alternative medicine practitioner,Alternative medicine practitioner,695503,Kerala Circle,Trivandrum HQ Region,Trivandrum South Division,"Dhanuvachapuram SO, Manchavilakom BO",+91 471 257 2232,https://gayathriayurvedics.in/,4.9,29.0,"FWVW+HP9, Ambujavilasam Rd, Pulimoodu, Thiruvananthapuram, Keralam 695001",Pulimoodu,8.4939187,76.9468503,ChIJj2LTp7y7BTsRFLeb4PtAzHU,https://www.google.com/maps/place/?q=place_id:ChIJj2LTp7y7BTsRFLeb4PtAzHU,part_311,2026-09-20 20:27:11,25910
Madhaveeyam Ayurveda Hospital,Ayurvedic Pharmacy and Clinic,Hospital,Hospital,695503,Kerala Circle,Trivandrum HQ Region,Trivandrum South Division,"Dhanuvachapuram SO, Manchavilakom BO",+91 94473 09923,N/A,4.8,102.0,"Madhaveeyam Hospital Thundathil NLRA-183, Neerazhi Lane, Medical College Ulloor Rd, PO, Ulloor, Thiruvananthapuram, Keralam 695011","PO, PSC Nagar, Ulloor",8.5278419,76.9225572,ChIJmWmesVC5BTsRQeM47_w5S-o,https://www.google.com/maps/place/?q=place_id:ChIJmWmesVC5BTsRQeM47_w5S-o,part_311,2026-09-20 20:27:11,25911
Manaas Ayurvedic & Allopathic Pharmacy,Ayurvedic Pharmacy and Clinic,Pharmacy,Pharmacy,695504,Kerala Circle,Trivandrum HQ Region,Trivandrum South Division,"Karakonam SO, Cheriakolla BO, Elluvila BO",+91 90379 30707,N/A,5.0,3.0,"Manaas Ayurvedic & Allopathic Pharmacy Opposite CSI Pottayil Church Pottayil, Junction, Irumbil, Neyyattinkara, Keralam 695126",Irumbil,8.4094619,77.0974798,ChIJ64gau0SvBTsRcIUjvyxC7vI,https://www.google.com/maps/place/?q=place_id:ChIJ64gau0SvBTsRcIUjvyxC7vI,part_311,2026-09-20 20:27:57,26798
For health ayurvedic clinic,Ayurvedic Pharmacy and Clinic,Health consultant,Health consultant,695504,Kerala Circle,Trivandrum HQ Region,Trivandrum South Division,"Karakonam SO, Cheriakolla BO, Elluvila BO",+91 75588 22566,N/A,5.0,7.0,"near ajmal restaurant, Vettroad, Thiruvananthapuram, Kaniyapuram, Keralam 695582",Vettroad,8.5840538,76.8622403,ChIJt1UXEUy_BTsRfRxPovRUaus,https://www.google.com/maps/place/?q=place_id:ChIJt1UXEUy_BTsRfRxPovRUaus,part_311,2026-09-20 20:27:59,26799
Raghava Ayurveda Pharmacy,Ayurvedic Pharmacy and Clinic,Pharmacy,"Pharmacy, Herbal medicine store",695504,Kerala Circle,Trivandrum HQ Region,Trivandrum South Division,"Karakonam SO, Cheriakolla BO, Elluvila BO",+91 495 244 0212,N/A,4.2,53.0,"5VH9+477, Kozhikode - Palakkad Hwy, Koppam, Ramanattukara, Kozhikode, Keralam 673633",Koppam,11.1777841,75.8681682,ChIJ5VaTHnFQpjsRrjTK547cHcY,https://www.google.com/maps/place/?q=place_id:ChIJ5VaTHnFQpjsRrjTK547cHcY,part_311,2026-09-20 20:27:59,26800
Pratheeksha Ayurveda,Ayurvedic Pharmacy and Clinic,Ayurvedic clinic,Ayurvedic clinic,695504,Kerala Circle,Trivandrum HQ Region,Trivandrum South Division,"Karakonam SO, Cheriakolla BO, Elluvila BO",+91 96453 41420,N/A,4.7,9.0,"OAS TOWER, 7/521 F, opposite VISAKH FUELS, Mankara, Kerala 678613",695504,10.78568,76.4939771,ChIJOwLmzq93qDsR87p53LumBgE,https://www.google.com/maps/place/?q=place_id:ChIJOwLmzq93qDsR87p53LumBgE,part_311,2026-09-20 20:27:59,26801
"Vedakshethra Kerala Ayurvedic Treatment centre, Doddakannelli Bellandur",Ayurvedic Pharmacy and Clinic,Ayurvedic clinic,"Ayurvedic clinic, Alternative medicine practitioner, Medical Center, Pain control clinic, Wellness center",695504,Kerala Circle,Trivandrum HQ Region,Trivandrum South Division,"Karakonam SO, Cheriakolla BO, Elluvila BO",+91 77604 16739,https://vedakshethra.com/,4.8,204.0,"Aaiji Niwas, 24, SY no. 139, Ground Floor Gear School Road, Near AET Junction, Doddakannali Doddakannelli, Devarabisanahalli, Bellandur, Bengaluru, Karnataka 560035","Devarabisanahalli, Bellandur",12.9158651,77.69900319999999,ChIJaV-tU20TrjsRXRzJqBIyHNQ,https://www.google.com/maps/place/?q=place_id:ChIJaV-tU20TrjsRXRzJqBIyHNQ,part_311,2026-09-20 20:27:59,26802
Arya Vaidya Vilasini Vaidya Sala,Ayurvedic Pharmacy and Clinic,Pharmacy,Pharmacy,695504,Kerala Circle,Trivandrum HQ Region,Trivandrum South Division,"Karakonam SO, Cheriakolla BO, Elluvila BO",+91 80892 02091,https://avvvs.com/,4.7,18.0,"Palayam, Kozhikode, Keralam 673001",Palayam,11.2510512,75.7835164,ChIJX4e4zGVepjsRCmfk4xq9mb8,https://www.google.com/maps/place/?q=place_id:ChIJX4e4zGVepjsRCmfk4xq9mb8,part_311,2026-09-20 20:27:59,26803
Vaidheeswaran Ayurveda Siddha Panchakarma Clinic,Ayurvedic Pharmacy and Clinic,Hospital,Hospital,695504,Kerala Circle,Trivandrum HQ Region,Trivandrum South Division,"Karakonam SO, Cheriakolla BO, Elluvila BO",+91 99951 21218,https://vaidheeswaran.com/,5.0,44.0,"opp. Palace Hospital, Kowdiar, Thiruvananthapuram, Keralam 695003",Kowdiar,8.5234259,76.9606731,ChIJf_2mn167BTsRL_PBCZyIXlQ,https://www.google.com/maps/place/?q=place_id:ChIJf_2mn167BTsRL_PBCZyIXlQ,part_311,2026-09-20 20:27:59,26804
Sahasra ayurveda,Ayurvedic Pharmacy and Clinic,Ayurvedic clinic,Ayurvedic clinic,695504,Kerala Circle,Trivandrum HQ Region,Trivandrum South Division,"Karakonam SO, Cheriakolla BO, Elluvila BO",+91 75105 04240,N/A,4.9,31.0,"Sahasra ayurveda clinic Puliyinchode, Ramanattukara, Kozhikode, Keralam 673633",695504,11.1755294,75.8763618,ChIJuYDJ73dRpjsRjjoYa6GmTnw,https://www.google.com/maps/place/?q=place_id:ChIJuYDJ73dRpjsRjjoYa6GmTnw,part_311,2026-09-20 20:27:59,26805
Prakrithi Ayurvedics,Ayurvedic Pharmacy and Clinic,Manufacturer,Manufacturer,695505,Kerala Circle,Trivandrum HQ Region,Trivandrum South Division,"Vellarada SO, Amboori BO, Karikuzhi BO",N/A,N/A,5.0,1.0,"JP building, Kolakudiyettam, Panachamoodu, Rd, P O, Vellarada, Keralam 695505",P O,8.4341335,77.197187,ChIJj3JCfmhTBDsRwpDUTX-0azo,https://www.google.com/maps/place/?q=place_id:ChIJj3JCfmhTBDsRwpDUTX-0azo,part_311,2026-09-20 20:28:47,27909
Santhisukham Ayurveda,Ayurvedic Pharmacy and Clinic,Wellness center,Wellness center,695507,Kerala Circle,Trivandrum HQ Region,Trivandrum South Division,Ooruttambalam SO,+91 81390 06999,https://www.santhisukham.com/,4.9,,"UPS School, opposite Chakka, Chacka, Thiruvananthapuram, Keralam 695024",Chacka,8.4926732,76.92415319999999,ChIJf0NlbQO7BTsRmtWuL8JvOkM,https://www.google.com/maps/place/?q=place_id:ChIJf0NlbQO7BTsRmtWuL8JvOkM,part_311,2026-09-20 20:30:25,29485
Dr Sanitha's Janani Ayurveda,Ayurvedic Pharmacy and Clinic,Ayurvedic clinic,Ayurvedic clinic,695508,Kerala Circle,Trivandrum HQ Region,Trivandrum South Division,Parasuvaickal SO,+91 70255 62233,N/A,4.9,12.0,"Dr. Sanitha's Janani Auurveda Clinic and Pharmacy Punnamood, road, Vedivachankoil, Thiruvananthapuram, Keralam 695020","Punnamoodu, Vedivachankoil",8.4313299,77.02458279999999,ChIJz7KnZ-ilBTsR7WbpYk30OWc,https://www.google.com/maps/place/?q=place_id:ChIJz7KnZ-ilBTsR7WbpYk30OWc,part_311,2026-09-20 20:31:13,29976
Janani Ayurveda Clinic and Pharmacy,Ayurvedic Pharmacy and Clinic,Ayurvedic clinic,Ayurvedic clinic,695508,Kerala Circle,Trivandrum HQ Region,Trivandrum South Division,Parasuvaickal SO,+91 70255 62233,N/A,,,"Punnamoodu, Junction, Pallichal, Keralam 695020","Punnamoodu, Junction",8.431312499999999,77.0246875,ChIJy3BbXgCvBTsRwjs1bmQD5Po,https://www.google.com/maps/place/?q=place_id:ChIJy3BbXgCvBTsRwjs1bmQD5Po,part_311,2026-09-20 20:31:13,29977
Sukumaran Vaidyan's GA Pharmacy,Ayurvedic Pharmacy and Clinic,Pharmacy,"Pharmacy, Alternative medicine practitioner",695512,Kerala Circle,Trivandrum HQ Region,Trivandrum South Division,"Kuvalassery SO, Kandala BO, Veliyamcode BO",+91 471 222 2364,N/A,3.9,,"93XQ+6XX, Neyyattinkara, Thiruvananthapuram, Neyyattinkara, Keralam 695121",Neyyattinkara,8.398122299999999,77.0899767,ChIJMy5zjoiuBTsR7lRa4NWz4N8,https://www.google.com/maps/place/?q=place_id:ChIJMy5zjoiuBTsR7lRa4NWz4N8,part_311,2026-09-20 20:32:05,30337
Chittattinkara Ayurveda Madom Vaidyasala,Ayurvedic Pharmacy and Clinic,Ayurvedic clinic,Ayurvedic clinic,695512,Kerala Circle,Trivandrum HQ Region,Trivandrum South Division,"Kuvalassery SO, Kandala BO, Veliyamcode BO",+91 90727 27117,N/A,4.8,,"Near Central Mall, opposite Indian oil pump, Pattoor, Thiruvananthapuram, Keralam 695024",Pattoor,8.497392699999999,76.9356392,ChIJHcI1-Qe7BTsRhvRJAlHWvAI,https://www.google.com/maps/place/?q=place_id:ChIJHcI1-Qe7BTsRhvRJAlHWvAI,part_311,2026-09-20 20:32:05,30338
Velliavilai Siddha Ayurveda Panchakarma Vaidhyalayam Hospital,Ayurvedic Pharmacy and Clinic,Hospital,Hospital,695512,Kerala Circle,Trivandrum HQ Region,Trivandrum South Division,"Kuvalassery SO, Kandala BO, Veliyamcode BO",+91 471 222 4454,N/A,5.0,,"C32P+8MV, Convent Road, Alummoodu, Neyyattinkara, Keralam 695121",Alummoodu,8.4008504,77.086671,ChIJnXOI3YmuBTsR_32O7U-_Fcw,https://www.google.com/maps/place/?q=place_id:ChIJnXOI3YmuBTsR_32O7U-_Fcw,part_311,2026-09-20 20:32:05,30339
Chittattinkara Vaidyasala - Best Traditional Ayurvedic Clinic in Trivandrum,Ayurvedic Pharmacy and Clinic,Ayurvedic clinic,"Ayurvedic clinic, Alternative Medicine Clinic, Alternative medicine practitioner, Hospital, Massage spa, Sports massage therapist",695512,Kerala Circle,Trivandrum HQ Region,Trivandrum South Division,"Kuvalassery SO, Kandala BO, Veliyamcode BO",+91 88485 02261,https://chittattinkaravaidyasala.com/,4.4,,"695004, Kailash Nagar, Vivekananda Nagar, Kesavadasapuram, Thiruvananthapuram, Keralam 695004","Kailash Nagar, Vivekananda Nagar, Kesavadasapuram",8.5286609,76.93857779999999,ChIJo6K4WV65BTsRdsVpE6uhT6s,https://www.google.com/maps/place/?q=place_id:ChIJo6K4WV65BTsRdsVpE6uhT6s,part_311,2026-09-20 20:32:05,30340
Aarush siddha & ayurvedic clinic,Ayurvedic Pharmacy and Clinic,Private hospital,Private hospital,695513,Kerala Circle,Trivandrum HQ Region,Trivandrum South Division,Pozhiyoor SO,+91 97446 04495,N/A,4.0,,"Mangalathukonam - Peringammala Rd, mekkethottam, Balaramapuram, Venganoor, Keralam 695501",mekkethottam,8.409586,77.0282012,ChIJvfMR4ZmvBTsRf-lWaF_mOxQ,https://www.google.com/maps/place/?q=place_id:ChIJvfMR4ZmvBTsRf-lWaF_mOxQ,part_311,2026-09-20 20:32:50,31162
Santhigiri Ayurveda & Siddha Vaidyasala,Ayurvedic Pharmacy and Clinic,Alternative medicine practitioner,Alternative medicine practitioner,695513,Kerala Circle,Trivandrum HQ Region,Trivandrum South Division,Pozhiyoor SO,+91 471 247 3618,http://www.santhigiriashram.org/,4.2,,"FWVH+P9P, Pettah, Thiruvananthapuram, Keralam 695024",Pettah,8.4943499,76.92843839999999,ChIJL9BEx4-7BTsRCE7S5eJceGI,https://www.google.com/maps/place/?q=place_id:ChIJL9BEx4-7BTsRCE7S5eJceGI,part_311,2026-09-20 20:32:50,31163
Agasthyar Siddha and Ayurveda Treatment in Kovalam,Ayurvedic Pharmacy and Clinic,Alternative medicine practitioner,Alternative medicine practitioner,695521,Kerala Circle,Trivandrum HQ Region,Trivandrum South Division,"Vizhinjam SO, Kottapuram BO, Mullur BO",+91 99463 50966,http://agasthyarsiddha.com/,5.0,25.0,"Kalluvettankuzhi, vizhinjam Road Near kovalam Beach, Venganoor, Thiruvananthapuram, Keralam 695521",Vizhinjam,8.3889582,76.99584569999999,ChIJDQAAAAylBTsRMFdS0o2q49g,https://www.google.com/maps/place/?q=place_id:ChIJDQAAAAylBTsRMFdS0o2q49g,part_311,2026-09-20 20:33:39,31795
Govt. Ayurveda Marma Hospital,Ayurvedic Pharmacy and Clinic,Hospital,Hospital,695524,Kerala Circle,Trivandrum HQ Region,Trivandrum South Division,"Kanjiramkulam SO, Nellimoodu BO",+91 471 226 2433,N/A,4.6,,"924X+32F, Pulluvia Road, Kanjiramkulam, Keralam 695524",695524,8.3551988,77.0475325,ChIJlfxq49KoBTsRvzAGU8nAlMM,https://www.google.com/maps/place/?q=place_id:ChIJlfxq49KoBTsRvzAGU8nAlMM,part_311,2026-09-20 20:36:05,33386
Government Ayurveda Dispensary Kanjiramkulam,Ayurvedic Pharmacy and Clinic,Medical Center,Medical Center,695524,Kerala Circle,Trivandrum HQ Region,Trivandrum South Division,"Kanjiramkulam SO, Nellimoodu BO",+91 471 226 1102,N/A,,,"9353+P56 Government Ayurveda Dispensary, Kanjiramkulam, Keralam 695524",695524,8.3592657,77.0527989,ChIJJ7epLgCvBTsR2-8v113J1cU,https://www.google.com/maps/place/?q=place_id:ChIJJ7epLgCvBTsR2-8v113J1cU,part_311,2026-09-20 20:36:05,33387
Arya Ayurvedic Panchakarma Centre,Ayurvedic Pharmacy and Clinic,Alternative medicine practitioner,Alternative medicine practitioner,695527,Kerala Circle,Trivandrum HQ Region,Trivandrum South Division,"Kovalam SO Thiruvananthapuram, Kovalam Beach BO",+91 96110 62468,http://www.ayurvedainindien.com/,4.9,,"Hotel California, Lighthouse Beach, Kovalam, Vizhinjam PO, Thiruvanathapuram, Keralam 695521",Light House Beach,8.3842153,76.9803003,ChIJq6qq4bqlBTsRSJV9YT_8lOM,https://www.google.com/maps/place/?q=place_id:ChIJq6qq4bqlBTsRSJV9YT_8lOM,part_311,2026-09-20 20:38:31,34567
Sanjeevani Ayurveda Hospital & Research Institute,Ayurvedic Pharmacy and Clinic,Hospital,Hospital,695527,Kerala Circle,Trivandrum HQ Region,Trivandrum South Division,"Kovalam SO Thiruvananthapuram, Kovalam Beach BO",+91 98470 75750,http://www.vedicremedies.com/,4.1,,"Kannammoola - Nalumukku Rd, Kumarapuram, Thiruvananthapuram, Keralam 695011",Kumarapuram,8.5116076,76.92796179999999,ChIJ0RdcF_u7BTsR9IwVpBX-Els,https://www.google.com/maps/place/?q=place_id:ChIJ0RdcF_u7BTsR9IwVpBX-Els,part_311,2026-09-20 20:38:31,34568
SRI VEERABHADRA AYURVEDIC STORE,Ayurvedic Pharmacy and Clinic,Pharmacy,Pharmacy,695527,Kerala Circle,Trivandrum HQ Region,Trivandrum South Division,"Kovalam SO Thiruvananthapuram, Kovalam Beach BO",N/A,N/A,5.0,,"FH58+5F4, Mangapuram Colony, Moula Ali, Secunderabad, Telangana 500040","Mangapuram Colony, Moula Ali",17.4578995,78.56621369999999,ChIJF9KebQCdyzsRA1YKsVAl__c,https://www.google.com/maps/place/?q=place_id:ChIJF9KebQCdyzsRA1YKsVAl__c,part_311,2026-09-20 20:38:31,34569
Kottakkal Arya Vaidya Sala,Ayurvedic Pharmacy and Clinic,Hospital,"Hospital, Doctor",695527,Kerala Circle,Trivandrum HQ Region,Trivandrum South Division,"Kovalam SO Thiruvananthapuram, Kovalam Beach BO",+91 471 246 3439,http://www.aryavaidyasala.com/,4.3,99.0,"General Hospital Rd, Statue, Palayam, Thiruvananthapuram, Keralam 695001","Statue, Palayam",8.49784,76.9478422,ChIJh3HK77u7BTsRYRwblV7EHbo,https://www.google.com/maps/place/?q=place_id:ChIJh3HK77u7BTsRYRwblV7EHbo,part_311,2026-09-20 20:38:32,34570
"Shri Kalyan Ayurvedashram - Best Ayurvedic Doctor For Skin, Vitiligo, Safed Dag, Psoriasis, Sexual Problems",Ayurvedic Pharmacy and Clinic,Ayurvedic clinic,Ayurvedic clinic,695527,Kerala Circle,Trivandrum HQ Region,Trivandrum South Division,"Kovalam SO Thiruvananthapuram, Kovalam Beach BO",+91 94117 63350,N/A,4.4,40.0,"near Ganga Ghat, nearby Ranipur More, Khanna Nagar, Jwalapur, Haridwar, Uttarakhand 249407",Khanna Nagar,29.9293655,78.1337056,ChIJBTk2xTlGCTkRja1FhXYhGos,https://www.google.com/maps/place/?q=place_id:ChIJBTk2xTlGCTkRja1FhXYhGos,part_311,2026-09-20 20:38:32,34571
Tejas Classical Ayurveda Clinic,Ayurvedic Pharmacy and Clinic,Ayurvedic clinic,"Ayurvedic clinic, Alternative Medicine Clinic, Alternative medicine practitioner, Gynecologist, Herbal medicine store, Pharmacy",695527,Kerala Circle,Trivandrum HQ Region,Trivandrum South Division,"Kovalam SO Thiruvananthapuram, Kovalam Beach BO",+91 90540 01188,https://tejasclassicalayurveda.com/,4.9,220.0,"Second floor, Trapezium one building, OU Colony, Shaikpet, Hyderabad, Telangana 500089","OU Colony, Shaikpet",17.4065914,78.3918321,ChIJ6ZqwPX6XyzsRUWjcMZi_FFE,https://www.google.com/maps/place/?q=place_id:ChIJ6ZqwPX6XyzsRUWjcMZi_FFE,part_311,2026-09-20 20:38:32,34572
Dr. Shweta's Ayush Clinic,Ayurvedic Pharmacy and Clinic,Ayurvedic clinic,"Ayurvedic clinic, Alternative Medicine Clinic, Alternative medicine practitioner, Doctor, Health counselor, Herbal medicine store, Nutritionist, Spa, Weight loss service, Yoga instructor",695527,Kerala Circle,Trivandrum HQ Region,Trivandrum South Division,"Kovalam SO Thiruvananthapuram, Kovalam Beach BO",+91 79893 26106,https://rutvedayurveda.in/,4.9,64.0,"18-5-460/1, beside nalla Pochamma temple, near Mekal Banda Ground, Aliabad South, Lal Darwaza, Hyderabad, Telangana 500053","Aliabad South, Lal Darwaza",17.3449518,78.47342119999999,ChIJAQDA7PeXyzsRxwWEd81BZEw,https://www.google.com/maps/place/?q=place_id:ChIJAQDA7PeXyzsRxwWEd81BZEw,part_311,2026-09-20 20:38:32,34573
Ayurmax Hospital,Ayurvedic Pharmacy and Clinic,Alternative medicine practitioner,Alternative medicine practitioner,695527,Kerala Circle,Trivandrum HQ Region,Trivandrum South Division,"Kovalam SO Thiruvananthapuram, Kovalam Beach BO",+91 81712 00004,http://www.ayurmax.com/,4.3,516.0,"82, Vivek Vihar, Pocket 3, Balliwala Chowk, Dehradun, Uttarakhand 248001","Balliwala Chowk, Vijay Park Extension",30.323724499999997,78.0147467,ChIJv7_yxx4qCTkRCdA1WXDEcmU,https://www.google.com/maps/place/?q=place_id:ChIJv7_yxx4qCTkRCdA1WXDEcmU,part_311,2026-09-20 20:38:32,34574
Amrutham Ayurveda Clinic,Ayurvedic Pharmacy and Clinic,Alternative medicine practitioner,Alternative medicine practitioner,695527,Kerala Circle,Trivandrum HQ Region,Trivandrum South Division,"Kovalam SO Thiruvananthapuram, Kovalam Beach BO",+91 97392 81442,N/A,5.0,4.0,"VPQ9+MJ9, Paparaju Layout, Kodathi, Kodathi JHC, Karnataka 560035","Paparaju Layout, Kodathi",12.889169299999999,77.719105,ChIJTR1Ld8kSrjsR_lJrvyjYYsU,https://www.google.com/maps/place/?q=place_id:ChIJTR1Ld8kSrjsR_lJrvyjYYsU,part_311,2026-09-20 20:38:33,34575
Ss Ayurveda Health Center,Ayurvedic Pharmacy and Clinic,Ayurvedic clinic,Ayurvedic clinic,695527,Kerala Circle,Trivandrum HQ Region,Trivandrum South Division,"Kovalam SO Thiruvananthapuram, Kovalam Beach BO",N/A,N/A,5.0,2.0,"25a, Orandi Amman Koil St, Velachery, Chennai, Tamil Nadu 600042",Velachery,12.9815993,80.2205178,ChIJF8QZZI9dUjoRufHnAD-Fwxw,https://www.google.com/maps/place/?q=place_id:ChIJF8QZZI9dUjoRufHnAD-Fwxw,part_311,2026-09-20 20:38:33,34576
Balaji Ayurvedic Centre,Ayurvedic Pharmacy and Clinic,Alternative medicine practitioner,"Alternative medicine practitioner, Alternative Medicine Clinic, Ayurvedic clinic, Herbal medicine store",695527,Kerala Circle,Trivandrum HQ Region,Trivandrum South Division,"Kovalam SO Thiruvananthapuram, Kovalam Beach BO",+91 90356 71718,N/A,4.4,5.0,"31/3, 9th Main Rd, Jayanagar 3rd Block, Jayanagar, Bengaluru, Karnataka 560011","Jayanagar 3rd Block, Jayanagar",12.9326858,77.5837521,ChIJ8eMdGpgVrjsRtL6Jp4NOIio,https://www.google.com/maps/place/?q=place_id:ChIJ8eMdGpgVrjsRtL6Jp4NOIio,part_311,2026-09-20 20:38:33,34577
VIMALA KERALA AYURVEDIC HOSPITAL,Ayurvedic Pharmacy and Clinic,Hospital,Hospital,695527,Kerala Circle,Trivandrum HQ Region,Trivandrum South Division,"Kovalam SO Thiruvananthapuram, Kovalam Beach BO",N/A,N/A,5.0,103.0,"3rd floor, Ganesh Plaza, PLOT NO -458, KPHB 6th Phase Rd, above Titan eye plus show room, near NEXUS MALL, Kukatpally Housing Board Colony, K P H B Phase 3, Kukatpally, Hyderabad, Telangana 500085","Kukatpally Housing Board Colony, K P H B Phase 3, Kukatpally",17.4874321,78.3911468,ChIJsSCrHIiRyzsREYvKoCJvES0,https://www.google.com/maps/place/?q=place_id:ChIJsSCrHIiRyzsREYvKoCJvES0,part_311,2026-09-20 20:38:33,34578
Doon Unani dawakhana,Ayurvedic Pharmacy and Clinic,Ayurvedic clinic,Ayurvedic clinic,695527,Kerala Circle,Trivandrum HQ Region,Trivandrum South Division,"Kovalam SO Thiruvananthapuram, Kovalam Beach BO",+91 97596 55574,N/A,5.0,558.0,"BazaarNear Jama Masjid, 23, Dispensary Rd, Paltan Bazaar, Dehradun, Uttarakhand 248001",Paltan Bazaar,30.3218765,78.03978769999999,ChIJzVGVrzcpCTkR3ywO5GEl6bc,https://www.google.com/maps/place/?q=place_id:ChIJzVGVrzcpCTkR3ywO5GEl6bc,part_311,2026-09-20 20:38:33,34579
Nagarjuna Ayurveda Oushadhasala,Ayurvedic Pharmacy and Clinic,Alternative medicine practitioner,"Alternative medicine practitioner, Medical Center, Medical examiner, Medical group, Medical supply store",695527,Kerala Circle,Trivandrum HQ Region,Trivandrum South Division,"Kovalam SO Thiruvananthapuram, Kovalam Beach BO",+91 98474 02380,http://www.nagarjunaayurveda.com/,4.6,,"Janatha Building, West Hill Chungam, Kannur Rd, East Hill, Kozhikode, Keralam 673005",East Hill,11.291648799999999,75.7649062,ChIJm7YevuBepjsRY0T1ZWGFjMQ,https://www.google.com/maps/place/?q=place_id:ChIJm7YevuBepjsRY0T1ZWGFjMQ,part_311,2026-09-20 20:38:34,34580
Dhavala Medicals,Ayurvedic Pharmacy and Clinic,Pharmacy,Pharmacy,695527,Kerala Circle,Trivandrum HQ Region,Trivandrum South Division,"Kovalam SO Thiruvananthapuram, Kovalam Beach BO",+91 89127 06062,N/A,4.0,,"4 12, Apsara Road, Jagadamba Centre, Jagadamba Junction, Visakhapatnam, Andhra Pradesh 530002","Jagadamba Centre, Jagadamba Junction",17.712609999999998,83.30384,ChIJiS6FcBpDOToRQKQDbJBrXYM,https://www.google.com/maps/place/?q=place_id:ChIJiS6FcBpDOToRQKQDbJBrXYM,part_311,2026-09-20 20:38:34,34581
Chamakkatt Herbal Products,Ayurvedic Pharmacy and Clinic,Manufacturer,"Manufacturer, Supplier, Exporter",695527,Kerala Circle,Trivandrum HQ Region,Trivandrum South Division,"Kovalam SO Thiruvananthapuram, Kovalam Beach BO",+91 97450 70091,https://www.chamakkatt.com/,5.0,,"P O, Kuruvilassery, Mala, Keralam 680732",695527,10.2277502,76.27389579999999,ChIJRYNo0agECDsRyGv_oGB9M4E,https://www.google.com/maps/place/?q=place_id:ChIJRYNo0agECDsRyGv_oGB9M4E,part_311,2026-09-20 20:38:34,34582
E K Ayurvedic Agency,Ayurvedic Pharmacy and Clinic,Pharmaceutical Products Wholesaler,Pharmaceutical Products Wholesaler,695527,Kerala Circle,Trivandrum HQ Region,Trivandrum South Division,"Kovalam SO Thiruvananthapuram, Kovalam Beach BO",+91 483 297 7740,http://www.ekayurvedicagency.com/,4.8,,"Door No: 28, 568-G, Swagathamad, Cherushola, Kottakkal, Keralam 676510","Swagathamad, Cherushola",10.980369399999999,76.0009188,ChIJw-R761-zpzsRt4QKZBHFhyE,https://www.google.com/maps/place/?q=place_id:ChIJw-R761-zpzsRt4QKZBHFhyE,part_311,2026-09-20 20:38:34,34583
Mangalodayam Vaidyasala,Ayurvedic Pharmacy and Clinic,Pharmacy,"Pharmacy, Alternative medicine practitioner",695527,Kerala Circle,Trivandrum HQ Region,Trivandrum South Division,"Kovalam SO Thiruvananthapuram, Kovalam Beach BO",+91 98461 50567,http://www.mangalodayam.com/,4.8,,"P2PH+CFR, Changaramkulam, Keralam 679575",695527,10.736112199999999,76.02863479999999,ChIJecZYW9u-pzsR4BLAygHBcAM,https://www.google.com/maps/place/?q=place_id:ChIJecZYW9u-pzsR4BLAygHBcAM,part_311,2026-09-20 20:38:34,34584
Sri Tulasi Ayurveda Nilayam,Ayurvedic Pharmacy and Clinic,Alternative medicine practitioner,Alternative medicine practitioner,695527,Kerala Circle,Trivandrum HQ Region,Trivandrum South Division,"Kovalam SO Thiruvananthapuram, Kovalam Beach BO",+91 94408 65824,N/A,4.8,,"27-38-1, Gopala Krishnaiah St, near Govt Ayurveadic college Gate, Governor Peta, Vijayawada, Andhra Pradesh 520002",Governor Peta,16.5099228,80.6229953,ChIJGx0Qtav6NToRaGo5_xPgGEo,https://www.google.com/maps/place/?q=place_id:ChIJGx0Qtav6NToRaGo5_xPgGEo,part_311,2026-09-20 20:38:34,34585
Nagarjuna Ayurveda Oushadhasala(PALAYAM AYURVEDA PHARMACY ),Ayurvedic Pharmacy and Clinic,Pharmacy,"Pharmacy, Alternative medicine practitioner",695527,Kerala Circle,Trivandrum HQ Region,Trivandrum South Division,"Kovalam SO Thiruvananthapuram, Kovalam Beach BO",+91 82898 43259,http://www.nagarjunaayurveda.com/,3.6,,"9, Bus Stand, GH Rd, Palayam, Kozhikode, Keralam 673001",Palayam,11.2493164,75.78384129999999,ChIJcdXqcEBZpjsR1nCy_V6otYM,https://www.google.com/maps/place/?q=place_id:ChIJcdXqcEBZpjsR1nCy_V6otYM,part_311,2026-09-20 20:38:34,34586
Pranavam Naturopathy Ayurveda Diet and Yoga Clinic,Ayurvedic Pharmacy and Clinic,Hospital,"Hospital, Ayurvedic clinic, Cardiologist, Endocrinologist, Health resort, Naturopathic practitioner, Pain management physician, Physical fitness program, Weight loss service, Wellness center",695528,Kerala Circle,Trivandrum HQ Region,Trivandrum South Division,Naruvamoodu SO,+91 77362 29394,https://pranavamclinic.com/,4.8,,"TC 19, Mudra 139, 773, Mudavanmugal Rd, Mudavanmugal, Shastri Nagar, Poojapura, Thiruvananthapuram, Keralam 695012","Mudavanmugal, Shastri Nagar, Poojapura",8.487167,76.9824348,ChIJbf-TxF66BTsRpRZBnAZi_KU,https://www.google.com/maps/place/?q=place_id:ChIJbf-TxF66BTsRpRZBnAZi_KU,part_311,2026-09-20 20:39:19,35646
Ayurvedita panchakarma hospital,Ayurvedic Pharmacy and Clinic,Ayurvedic clinic,"Ayurvedic clinic, Hospital",695541,Kerala Circle,Trivandrum HQ Region,Trivandrum South Division,"Nedumangad SO, Anad BO, Chullimanoor BO",N/A,N/A,4.9,,"Ayurvedita panchakarma,P.SNagar,Housing board, Nedumangad Housing Colony, Nedumangad, Keralam 695541",Nedumangad Housing Colony,8.607002399999999,76.995536,ChIJQ4piY-i5BTsRdjnnUBH4PCk,https://www.google.com/maps/place/?q=place_id:ChIJQ4piY-i5BTsRdjnnUBH4PCk,part_311,2026-09-20 20:40:10,36336
AyurMana | Dharma Ayurveda Centre for Advanced Healing,Ayurvedic Pharmacy and Clinic,Ayurvedic clinic,"Ayurvedic clinic, Alternative Medicine Clinic, Health resort, Hospital, Yoga Retreat Center",695541,Kerala Circle,Trivandrum HQ Region,Trivandrum South Division,"Nedumangad SO, Anad BO, Chullimanoor BO",+91 82814 54545,https://www.ayurmana.in/,4.4,,"Maruthummoodu-Aruvikkarakkonam Road Uliyazhathura, Ayiroopara, Thiruvananthapuram, Keralam 695584",Ayiroopara,8.602478699999999,76.9207419,ChIJO-gA_qy4BTsRU7rLq_cjFAU,https://www.google.com/maps/place/?q=place_id:ChIJO-gA_qy4BTsRU7rLq_cjFAU,part_311,2026-09-20 20:40:10,36337
"Santhigiri Ayurveda & Siddha vaidyasala, AgencyAgency",Ayurvedic Pharmacy and Clinic,Medical spa,Medical spa,695541,Kerala Circle,Trivandrum HQ Region,Trivandrum South Division,"Nedumangad SO, Anad BO, Chullimanoor BO",N/A,N/A,4.5,,"JX6X+538, Pazhakutty, Nedumangad, Keralam 695561",Pazhakutty,8.6104214,76.99771849999999,ChIJQ_mKkFu5BTsRLqvzOQOFC0Y,https://www.google.com/maps/place/?q=place_id:ChIJQ_mKkFu5BTsRLqvzOQOFC0Y,part_311,2026-09-20 20:40:10,36338
Hitayu Ayurvedic Center,Ayurvedic Pharmacy and Clinic,Alternative medicine practitioner,"Alternative medicine practitioner, Ayurvedic clinic, Herb shop, Hospital, Medical clinic",695547,Kerala Circle,Trivandrum HQ Region,Trivandrum South Division,Valiamala SO,+91 95915 16151,N/A,4.7,,"1713, Vyasaraya Ballal Rd, 1st Stage, Kumaraswamy Layout, Bengaluru, Karnataka 560078","1st Stage, Kumaraswamy Layout",12.909455399999999,77.5635047,ChIJdyCaNX0VrjsRdU_1ukeEB10,https://www.google.com/maps/place/?q=place_id:ChIJdyCaNX0VrjsRdU_1ukeEB10,part_311,2026-09-20 20:42:29,39432
Amrit Ayurdham,Ayurvedic Pharmacy and Clinic,Hospital,Hospital,695547,Kerala Circle,Trivandrum HQ Region,Trivandrum South Division,Valiamala SO,+91 94822 24474,http://www.amritayurdham.com/,5.0,,"Uttarahalli Road, 26, Subramanyapura Rd, Kadarenahalli, Padmanabhanagar, Bengaluru, Karnataka 560061","Kadarenahalli, Padmanabhanagar",12.90871,77.54845879999999,ChIJEX7NkkI_rjsRfl9lBtGv4RU,https://www.google.com/maps/place/?q=place_id:ChIJEX7NkkI_rjsRfl9lBtGv4RU,part_311,2026-09-20 20:42:29,39433
Thenmackel Ayurveda Clinic and Pharmacy,Ayurvedic Pharmacy and Clinic,Pharmacy,"Pharmacy, Alternative medicine practitioner",695562,Kerala Circle,Trivandrum HQ Region,Trivandrum South Division,"Pacha SO, Elavattom BO, Exservicemens Colony BO",+91 98475 70453,N/A,4.8,,"Erathuvadakara, Manimala, Keralam 686543",Erathuvadakara,9.4932312,76.7486461,ChIJGw6e_Dg3BjsRGWgYvXxXzTE,https://www.google.com/maps/place/?q=place_id:ChIJGw6e_Dg3BjsRGWgYvXxXzTE,part_311,2026-09-20 20:44:46,41583
Vaibhav's Ayurvedic World,Ayurvedic Pharmacy and Clinic,Pharmacy,Pharmacy,695570,Kerala Circle,Trivandrum HQ Region,Trivandrum South Division,Machel SO,+91 90360 21900,N/A,4.8,110.0,"Shop no 4, Nagasandra Circle, 67, DV Gundappa Rd, Basavanagudi, Bengaluru, Karnataka 560004",Basavanagudi,12.9373858,77.571924,ChIJewQac44VrjsRNdwidWtnE6Q,https://www.google.com/maps/place/?q=place_id:ChIJewQac44VrjsRNdwidWtnE6Q,part_311,2026-09-20 20:47:38,43677
ADARSH AYURVEDIC OUSHDHALAY,Ayurvedic Pharmacy and Clinic,Alternative medicine practitioner,"Alternative medicine practitioner, Herbal medicine store",695570,Kerala Circle,Trivandrum HQ Region,Trivandrum South Division,Machel SO,N/A,N/A,5.0,25.0,"Bauria Station Road Bauria Howrah west bengal Fort Gloster, New Market, opp. cable colony, Howrah, West Bengal 711310","Chakmadhu, Bauria",22.4990186,88.1760544,ChIJtc2OrfF9AjoRFh_AavMMKRk,https://www.google.com/maps/place/?q=place_id:ChIJtc2OrfF9AjoRFh_AavMMKRk,part_311,2026-09-20 20:47:38,43678
Sushruta Ayurveda Pharmacy,Ayurvedic Pharmacy and Clinic,Pharmacy,"Pharmacy, Alternative medicine practitioner",695570,Kerala Circle,Trivandrum HQ Region,Trivandrum South Division,Machel SO,+91 94478 92399,N/A,3.0,,"Main Road, Kattakkada, Thiruvananthapuram, Kattakkada, Keralam 695572",Kattakkada,8.507580299999999,77.0858963,ChIJRc5v8mmxBTsRTNs6dcJRxXA,https://www.google.com/maps/place/?q=place_id:ChIJRc5v8mmxBTsRTNs6dcJRxXA,part_311,2026-09-20 20:47:39,43679
Lakshmi Siddha Ayurvedha Marundhagam,Ayurvedic Pharmacy and Clinic,Medical supply store,Medical supply store,695570,Kerala Circle,Trivandrum HQ Region,Trivandrum South Division,Machel SO,+91 98424 32544,N/A,4.8,,"365, 460, Kamarajar Rd, near Mani's Theatre, Peelamedu, Chitra Nagar, Lakshmipuram, Coimbatore, Tamil Nadu 641004","Peelamedu, Chitra Nagar, Lakshmipuram",11.023676,77.021695,ChIJvVyZy4RXqDsRb4-6suqLtXY,https://www.google.com/maps/place/?q=place_id:ChIJvVyZy4RXqDsRb4-6suqLtXY,part_311,2026-09-20 20:47:40,43680
Laxmi Ayurvedic Bhawan medical store.,Ayurvedic Pharmacy and Clinic,Pharmacy,"Pharmacy, Ayurvedic clinic, Medical supply store",695570,Kerala Circle,Trivandrum HQ Region,Trivandrum South Division,Machel SO,+91 98851 82100,N/A,4.0,,"12-11-509, Warasiguda Rd, Warasiguda, Boudhanagar Colony, Hyderabad, Telangana 500061","Warasiguda, Boudhanagar Colony",17.4189471,78.5152471,ChIJAYN6WYOZyzsRAX39dSATC6s,https://www.google.com/maps/place/?q=place_id:ChIJAYN6WYOZyzsRAX39dSATC6s,part_311,2026-09-20 20:47:40,43681
Shankar Pharmacy,Ayurvedic Pharmacy and Clinic,Pharmacy,"Pharmacy, Alternative medicine practitioner",695570,Kerala Circle,Trivandrum HQ Region,Trivandrum South Division,Machel SO,+91 484 254 0399,http://www.shankarpharmacy.com/,4.5,,"Udyogamandal, Eloor, Kochi, Keralam 683501","Udyogamandal, Eloor",10.0663152,76.29982079999999,ChIJpRUaA3QOCDsRF8fnXzuQs5s,https://www.google.com/maps/place/?q=place_id:ChIJpRUaA3QOCDsRF8fnXzuQs5s,part_311,2026-09-20 20:47:40,43682
Karthika Ayurveda pharmacy,Ayurvedic Pharmacy and Clinic,Pharmacy,Pharmacy,695570,Kerala Circle,Trivandrum HQ Region,Trivandrum South Division,Machel SO,+91 94474 81666,https://www.karthikaayur.com/,4.5,,"road, Petta, Poonithura, p.o, Kochi, Ernakulam, Keralam 682038","Petta, Poonithura, p.o",9.945853399999999,76.3338553,ChIJs8QKghFzCDsRQI2f6LMdvO0,https://www.google.com/maps/place/?q=place_id:ChIJs8QKghFzCDsRQI2f6LMdvO0,part_311,2026-09-20 20:47:40,43683
Ayushyam Ayurveda Clinic,Ayurvedic Pharmacy and Clinic,Ayurvedic clinic,Ayurvedic clinic,695571,Kerala Circle,Trivandrum HQ Region,Trivandrum South Division,"Malayinkil SO, Kollode BO, Malayam BO",+91 94470 59380,https://ayushyamayurveda.my.canva.site/,5.0,,"Kesavan Nair Rd, Shastri Nagar, Poojapura, Thiruvananthapuram, Keralam 695012","Shastri Nagar, Poojapura",8.4887742,76.9760345,ChIJR1rXz1u7BTsRQ9XyMoPkIU0,https://www.google.com/maps/place/?q=place_id:ChIJR1rXz1u7BTsRQ9XyMoPkIU0,part_311,2026-09-20 20:48:21,45156
Sreehari Ayurvedics Clinic & Pharmacy,Ayurvedic Pharmacy and Clinic,Ayurvedic clinic,Ayurvedic clinic,695571,Kerala Circle,Trivandrum HQ Region,Trivandrum South Division,"Malayinkil SO, Kollode BO, Malayam BO",N/A,N/A,3.0,,"Poonthura. P. O, TC-67/2206-3 ,Sun Flower Home, Vikas Nagar, Ambalathara, Thiruvananthapuram, Kerala 695026","Vikas Nagar, Ambalathara",8.4503111,76.9520776,ChIJdUyBvaW7BTsRTEQg_erhAj0,https://www.google.com/maps/place/?q=place_id:ChIJdUyBvaW7BTsRTEQg_erhAj0,part_311,2026-09-20 20:48:21,45157
Swastika Ayur Griha,Ayurvedic Pharmacy and Clinic,Medical clinic,Medical clinic,695572,Kerala Circle,Trivandrum HQ Region,Trivandrum South Division,"Kattakada SO, Amachal BO, Ambalathinkala BO",N/A,N/A,5.0,,"opp. SBI, Poovachal, Kerala 695575",695572,8.533753599999999,77.08690899999999,ChIJneHGs7C3BTsR31ACdOSIgr8,https://www.google.com/maps/place/?q=place_id:ChIJneHGs7C3BTsR31ACdOSIgr8,part_311,2026-09-20 20:49:02,45847
Lekha Ayurveda,Ayurvedic Pharmacy and Clinic,Ayurvedic clinic,Ayurvedic clinic,695572,Kerala Circle,Trivandrum HQ Region,Trivandrum South Division,"Kattakada SO, Amachal BO, Ambalathinkala BO",+91 87145 45498,https://lekhaayurveda.com/,4.9,,"Sasthamangalam, Maruthumkuzhi road, Near, Sree Ramakrishna Mission Hospital Rd, opposite PPD flat, Sasthamangalam, Thiruvananthapuram, Keralam 695010","Jawahar Nagar, Sasthamangalam",8.5132466,76.9727436,ChIJYVg-Zc67BTsRtjdsJXjiZlg,https://www.google.com/maps/place/?q=place_id:ChIJYVg-Zc67BTsRtjdsJXjiZlg,part_311,2026-09-20 20:49:02,45848
AYUSUKHAM Kerala Ayurveda Centre,Ayurvedic Pharmacy and Clinic,Ayurvedic clinic,Ayurvedic clinic,695581,Kerala Circle,Trivandrum HQ Region,Trivandrum North Division,"Karyavattom SO, Pangappara BO, Thundathil BO",+91 96068 77876,https://ayusukham.in/,4.9,97.0,"Yelankha K H B, 132, Ground Floor, MIG, 1st Main, 707, 2nd Cross Rd, Yelahanka New Town, Bengaluru, Karnataka 560064","Self Financed Society 208 Colony, Yelahanka New Town",13.1033826,77.5765014,ChIJmTqiePYZrjsR7Ohe4yXxQLw,https://www.google.com/maps/place/?q=place_id:ChIJmTqiePYZrjsR7Ohe4yXxQLw,part_311,2026-09-20 20:51:49,47293
Ayur Bethaniya Ayurvedic Hospital,Ayurvedic Pharmacy and Clinic,Ayurvedic clinic,"Ayurvedic clinic, Dermatologist, Health resort, Neurologist, Physiotherapy Center, Rheumatologist, Skin care clinic, Weight loss service, Wellness center",695581,Kerala Circle,Trivandrum HQ Region,Trivandrum North Division,"Karyavattom SO, Pangappara BO, Thundathil BO",+91 89432 99999,https://www.ayurbethaniya.org/?utm_source=Google&utm_medium=gbp&utm_campaign=gbp,4.8,906.0,"Athani - Thiruthiparambu Rd, Peringandoor, Thrissur, Keralam 680596",695581,10.624161299999999,76.2094564,ChIJfTQNEQnppzsRLGnBu5vNWFA,https://www.google.com/maps/place/?q=place_id:ChIJfTQNEQnppzsRLGnBu5vNWFA,part_311,2026-09-20 20:51:49,47294
Kannur Ayurveda Pharmacy,Ayurvedic Pharmacy and Clinic,Pharmacy,"Pharmacy, Alternative medicine practitioner",695581,Kerala Circle,Trivandrum HQ Region,Trivandrum North Division,"Karyavattom SO, Pangappara BO, Thundathil BO",+91 93882 02371,N/A,4.4,7.0,"J36M+C4Q, Mandayapuram, Kalpetta, Keralam 673121",Mandayapuram,11.611075399999999,76.0828672,ChIJAW8ihzRzpjsR0AiZ-85sXZ8,https://www.google.com/maps/place/?q=place_id:ChIJAW8ihzRzpjsR0AiZ-85sXZ8,part_311,2026-09-20 20:51:49,47295
"Balram Ayurvedic, Nagpur",Ayurvedic Pharmacy and Clinic,Pharmacy,"Pharmacy, Alternative medicine practitioner, Ayurvedic clinic, Dry Fruit Store, Health consultant, Herb shop, Herbal medicine store, Natural goods store",695581,Kerala Circle,Trivandrum HQ Region,Trivandrum North Division,"Karyavattom SO, Pangappara BO, Thundathil BO",+91 94231 04351,N/A,4.9,1301.0,"Temple Bazar Rd, beside HDFC near hotel sankriti, behind Apna Bandar, Sitabuldi, Nagpur, Maharashtra 440012",Sitabuldi,21.1454102,79.0827505,ChIJe8pnSOvA1DsRaRRcQw7ggbw,https://www.google.com/maps/place/?q=place_id:ChIJe8pnSOvA1DsRaRRcQw7ggbw,part_311,2026-09-20 20:51:49,47296
Ashtang Herbals - Official Store,Ayurvedic Pharmacy and Clinic,Ayurvedic clinic,Ayurvedic clinic,695581,Kerala Circle,Trivandrum HQ Region,Trivandrum North Division,"Karyavattom SO, Pangappara BO, Thundathil BO",+91 99206 56865,N/A,4.9,425.0,"Shop no-3,Laabh sarita bldg,opp Shamrao vitthal bank Opp Patel nagar signal, Mahatma Gandhi Rd, Kandivali West, Mumbai, Maharashtra 400067","Kandivali, Kamala Nagar, Bhagat Colony, Kandivali West",19.2053577,72.84376,ChIJqXJMS9q25zsRHJK_9HhGdhE,https://www.google.com/maps/place/?q=place_id:ChIJqXJMS9q25zsRHJK_9HhGdhE,part_311,2026-09-20 20:51:49,47297
"Arya Vaidya Sala, Kottakkal",Ayurvedic Pharmacy and Clinic,Alternative Medicine Clinic,"Alternative Medicine Clinic, Alternative medicine practitioner",695581,Kerala Circle,Trivandrum HQ Region,Trivandrum North Division,"Karyavattom SO, Pangappara BO, Thundathil BO",+91 483 280 8000,N/A,4.5,801.0,"Arya Vaidya Sala Road, Kottakkal, Keralam 676503",Kottappady,10.9969565,76.00890609999999,ChIJ9W7Bbby0pzsRmLSkE1xVRuE,https://www.google.com/maps/place/?q=place_id:ChIJ9W7Bbby0pzsRmLSkE1xVRuE,part_311,2026-09-20 20:51:49,47298
Kunnathuvalappil Sree Lakshmi Sankara Vaidyasramam,Ayurvedic Pharmacy and Clinic,Alternative medicine practitioner,"Alternative medicine practitioner, Alternative Medicine Clinic, Health spa, Herbal medicine store, Massage spa, Massage therapist, Medical group, Medical office, Medical spa, Spa and health club",695581,Kerala Circle,Trivandrum HQ Region,Trivandrum North Division,"Karyavattom SO, Pangappara BO, Thundathil BO",+91 94476 17483,https://www.kunnathuvalappil.com/home,4.9,271.0,"Avinissery, Thrissur, Keralam 680306",Avinissery,10.4673494,76.2291335,ChIJu_uqOEzwpzsRHhWpgsi0NFQ,https://www.google.com/maps/place/?q=place_id:ChIJu_uqOEzwpzsRHhWpgsi0NFQ,part_311,2026-09-20 20:51:49,47299
Kottakkal Arya Vaidya Sala,Ayurvedic Pharmacy and Clinic,Medical supply store,"Medical supply store, Health consultant",695581,Kerala Circle,Trivandrum HQ Region,Trivandrum North Division,"Karyavattom SO, Pangappara BO, Thundathil BO",+91 94476 08219,N/A,4.5,15.0,"Metro Pillar 841, Kasmissons Estate, First floor, Sahodaran Ayyappan Rd, Vyttila, Kochi, Keralam 682019","Janatha Junction, Vyttila",9.9678697,76.31348109999999,ChIJgWnZDExzCDsRG7vZJp8Qqvc,https://www.google.com/maps/place/?q=place_id:ChIJgWnZDExzCDsRG7vZJp8Qqvc,part_311,2026-09-20 20:51:49,47300
AyurJyothi Ayurvedic Wellness Centre,Ayurvedic Pharmacy and Clinic,Alternative medicine practitioner,"Alternative medicine practitioner, Alternative Medicine Clinic, Ayurvedic clinic, Hospital, Massage therapist, Women's health clinic, Skin care clinic, Wellness center",695581,Kerala Circle,Trivandrum HQ Region,Trivandrum North Division,"Karyavattom SO, Pangappara BO, Thundathil BO",+91 70125 35762,N/A,5.0,73.0,"KRA 10, Kallampally - Edavacode Rd, PO, Sreekaryam, Thiruvananthapuram, Keralam 695017","PO, Sreekaryam",8.5478919,76.9222619,ChIJ7_QsU9K5BTsROqWrZfN8jog,https://www.google.com/maps/place/?q=place_id:ChIJ7_QsU9K5BTsROqWrZfN8jog,part_311,2026-09-20 20:51:49,47301
Ayurverdure,Ayurvedic Pharmacy and Clinic,Ayurvedic clinic,Ayurvedic clinic,695581,Kerala Circle,Trivandrum HQ Region,Trivandrum North Division,"Karyavattom SO, Pangappara BO, Thundathil BO",+91 70122 39836,N/A,5.0,2.0,"LNCPE road, near Govt. college, Karyavattom, Thiruvananthapuram, Keralam 695581",Karyavattom,8.5697882,76.89041739999999,ChIJTV71Ae2_BTsRiFk6Gxyib6k,https://www.google.com/maps/place/?q=place_id:ChIJTV71Ae2_BTsRiFk6Gxyib6k,part_311,2026-09-20 20:51:49,47302
AMERA MULTICARE AYURVEDA CLINIC,Ayurvedic Pharmacy and Clinic,Ayurvedic clinic,Ayurvedic clinic,695581,Kerala Circle,Trivandrum HQ Region,Trivandrum North Division,"Karyavattom SO, Pangappara BO, Thundathil BO",+91 81291 93579,https://amerahospitals.com/,5.0,108.0,"HV9C+JJR Police Station, Kazhakuttam Menamkulam Rd, Kazhakuttam, Kazhakkoottam, Thiruvananthapuram, Keralam 695582",Kazhakuttam,8.568955899999999,76.8715424,ChIJxUzyWQC_BTsRsRTHnxyor4E,https://www.google.com/maps/place/?q=place_id:ChIJxUzyWQC_BTsRsRTHnxyor4E,part_311,2026-09-20 20:51:49,47303
UJJAYANI SIDDHA AYURVEDA HEALTH CARE,Ayurvedic Pharmacy and Clinic,Hospital,"Hospital, Ayurvedic clinic",695581,Kerala Circle,Trivandrum HQ Region,Trivandrum North Division,"Karyavattom SO, Pangappara BO, Thundathil BO",N/A,http://ujjayani.com/,5.0,98.0,"HVWW+C68 Narikkal, Kattaikonam, Thiruvananthapuram, Keralam 695584",Kattaikonam,8.5966954,76.89156679999999,ChIJdUNrbwC_BTsR1ThtUyq93Tk,https://www.google.com/maps/place/?q=place_id:ChIJdUNrbwC_BTsR1ThtUyq93Tk,part_311,2026-09-20 20:51:49,47304
Dharma Ayurveda,Ayurvedic Pharmacy and Clinic,Alternative medicine practitioner,"Alternative medicine practitioner, Doctor, Health consultant",695584,Kerala Circle,Trivandrum HQ Region,Trivandrum North Division,"Pothencode SO, Andoorkonam BO, Iroopara BO",+91 94956 69900,https://jayaprakash.md/,4.7,40.0,"Vattappara Kuttiyani Pothencode Rd, near Sree Krishna Temple Ayirooppara, Ayiroopara, Thiruvananthapuram, Uliyazhathura, Keralam 695584",Ayiroopara,8.6063634,76.9151457,ChIJoe0Nb1S_BTsRzkNJKD8GMyk,https://www.google.com/maps/place/?q=place_id:ChIJoe0Nb1S_BTsRzkNJKD8GMyk,part_311,2026-09-20 20:53:53,49636
Leelajani Ayur Care Pvt Ltd,Ayurvedic Pharmacy and Clinic,Ayurvedic clinic,"Ayurvedic clinic, Alternative Medicine Clinic, Health consultant, Holistic medicine practitioner, Hospital, Massage therapist, Women's health clinic, Pregnancy care center, Wellness center",695584,Kerala Circle,Trivandrum HQ Region,Trivandrum North Division,"Pothencode SO, Andoorkonam BO, Iroopara BO",+91 85476 75555,https://www.leelajani.com/,4.8,337.0,"near Narmada Shopping Complex, Kowdiar, Thiruvananthapuram, Keralam 695003",Kowdiar,8.5273933,76.9606374,ChIJN1-Gk_K5BTsRPfnisjC8YQ4,https://www.google.com/maps/place/?q=place_id:ChIJN1-Gk_K5BTsRPfnisjC8YQ4,part_311,2026-09-20 20:53:53,49637
